27.8100 92348.7969
27.8100 92347.9844
27.8100 92347.9844
27.8100 92347.9844
27.8000 92347.2031
27.8000 92347.2031
27.8000 92346.4219
27.8000 92348.9844
27.7900 92348.2031
27.7900 92348.2031
27.7900 92347.4219
27.7800 92346.6406
27.7800 92345.8281
27.7700 92347.6094
27.7700 92347.6094
27.7600 92346.0391
27.7600 92347.8281
27.7500 92347.0391
27.7500 92346.2266
27.7400 92348.0156
27.7400 92347.2344
27.7300 92349.0156
27.7300 92348.2344
27.7200 92347.4141
27.7200 92349.1953
27.7100 92348.4141
27.7100 92347.6250
27.7000 92349.4141
27.7000 92348.6250
27.6900 92347.0312
27.6800 92348.8125
27.6800 92348.0312
27.6700 92347.2500
27.6700 92349.0312
27.6600 92348.2188
27.6600 92347.4375
27.6500 92349.2188
27.6500 92348.4375
27.6500 92347.6562
27.6400 92346.8438
27.6400 92348.6250
27.6300 92347.8438
27.6300 92347.0547
27.6200 92348.8438
27.6200 92348.0547
27.6100 92347.2422
27.6100 92347.2422
27.6100 92346.4609
27.6000 92348.2422
27.6000 92347.4609
27.5900 92346.6719
27.5900 92348.4531
27.5800 92347.6406
27.5800 92347.6406
27.5800 92346.8594
27.5700 92346.0781
27.5700 92346.0781
27.5700 92347.8594
27.5700 92347.8594
27.5600 92347.0781
27.5600 92347.0781
27.5600 92346.2969
27.5600 92346.2969
27.5500 92345.4844
27.5500 92345.4844
27.5500 92347.2656
27.5400 92346.4844
27.5400 92346.4844
27.5400 92345.6953
27.5400 92345.6953
27.5400 92345.6953
27.5300 92347.4766
27.5300 92347.4766
27.5300 92346.6562
27.5300 92346.6562
27.5200 92345.8750
27.5200 92345.8750
27.5200 92345.0938
27.5200 92347.6562
27.5100 92346.8750
27.5100 92346.0938
27.5100 92346.0938
27.5000 92345.3125
27.4900 92346.2812
27.4900 92345.5000
27.4800 92347.2812
27.4800 92346.5000
27.4700 92347.4688
27.4600 92346.6797
27.4600 92346.6797
27.4600 92348.4688
27.4500 92347.6719
27.4500 92346.8906
27.4500 92346.8906
27.4500 92346.8906
27.4500 92347.6719
27.4700 92347.4688
27.4900 92348.0625
27.5000 92347.8750
27.5200 92347.6562
27.5300 92347.4766
27.5400 92349.0469
27.5500 92348.0469
27.5600 92349.6406
27.5700 92347.8594
27.5700 92348.6406
27.5800 92347.6406
27.5900 92348.4531
27.5900 92348.4531
27.5900 92346.6719
27.6000 92347.4609
27.6000 92347.4609
27.6000 92348.2422
27.6000 92348.2422
27.6000 92348.2422
27.6000 92348.2422
27.6000 92347.4609
27.6000 92347.4609
27.6000 92347.4609
27.5900 92346.6719
27.5900 92349.2422
27.5900 92348.4531
27.5800 92347.6406
27.5800 92346.8594
27.5800 92346.8594
27.5700 92348.6406
27.5700 92347.8594
27.5600 92347.0781
27.5600 92346.2969
27.5500 92348.0469
27.5500 92347.2656
27.5400 92346.4844
27.5400 92348.2656
27.5300 92347.4766
27.5300 92346.6562
27.5200 92348.4453
27.5200 92347.6562
27.5100 92346.8750
27.5100 92346.0938
27.5100 92348.6562
27.5000 92347.8750
27.5000 92347.0625
27.4900 92346.2812
27.4900 92348.0625
27.4800 92347.2812
27.4800 92349.0625
27.4800 92349.0625
27.4700 92348.2812
27.4700 92347.4688
27.4600 92349.2500
27.4600 92349.2500
27.4600 92348.4688
27.4500 92347.6719
27.4500 92347.6719
27.4500 92349.4609
27.4400 92348.6406
27.4400 92348.6406
27.4400 92347.8594
27.4300 92349.6406
27.4300 92349.6406
27.4300 92349.6406
27.4300 92348.8594
27.4300 92348.8594
27.4200 92350.6406
27.4200 92349.8594
27.4200 92349.8594
27.4100 92349.0469
27.4100 92349.0469
27.4100 92350.8281
27.4000 92350.0469
27.4000 92350.0469
27.4000 92349.2656
27.4000 92349.2656
27.3900 92348.4844
27.3900 92351.0469
27.3900 92350.2656
27.3900 92350.2656
27.3800 92349.4375
27.3800 92349.4375
27.3800 92348.6562
27.3800 92348.6562
27.3800 92348.6562
27.3800 92348.6562
27.3700 92350.4375
27.3700 92350.4375
27.3700 92350.4375
27.3700 92350.4375
27.3700 92349.6562
27.3700 92349.6562
27.3600 92348.8750
27.3600 92348.8750
27.3600 92348.0938
27.3600 92348.0938
27.3500 92349.8438
27.3500 92349.8438
27.3500 92349.0625
27.3500 92348.2812
27.3500 92348.2812
27.3400 92347.5000
27.3400 92350.0625
27.3400 92349.2812
27.3300 92348.4688
27.3300 92348.4688
27.3300 92350.2109
27.3300 92350.2109
27.3200 92349.4219
27.3200 92348.6406
27.3200 92348.6406
27.3100 92350.4219
27.3100 92349.6406
27.3100 92349.6406
27.3000 92348.8281
27.3000 92348.8281
27.3000 92350.6094
27.2900 92349.8281
27.2900 92349.8281
27.2900 92349.0469
27.2900 92349.0469
27.2800 92348.2656
27.2800 92350.0391
27.2800 92350.0391
27.2700 92349.2266
27.2700 92349.2266
27.2700 92349.2266
27.2700 92349.2266
27.2700 92349.2266
27.2700 92349.2266
27.2700 92349.2266
27.2700 92349.2266
27.2800 92350.0391
27.2800 92350.0391
27.2800 92350.0391
27.2800 92350.0391
27.2800 92350.8203
27.2900 92349.0469
27.2900 92349.0469
27.2900 92349.8281
27.2900 92349.8281
27.3000 92350.6094
27.3000 92348.0469
27.3000 92348.8281
27.3100 92349.6406
27.3100 92350.4219
27.3100 92347.8594
27.3200 92348.6406
27.3200 92349.4219
27.3200 92346.8594
27.3300 92347.6484
27.3300 92348.4688
27.3400 92346.7188
27.3400 92346.7188
27.3400 92347.5000
27.3500 92345.7188
27.3500 92345.7188
27.3500 92346.5000
27.3500 92346.5000
27.3500 92346.5000
27.3500 92343.9375
27.3500 92344.7188
27.3500 92344.7188
27.3500 92344.7188
27.3500 92344.7188
27.3500 92344.7188
27.3600 92345.5312
27.3600 92345.5312
27.3600 92345.5312
27.3600 92345.5312
27.3600 92345.5312
27.3600 92345.5312
27.3600 92345.5312
27.3600 92345.5312
27.3600 92343.7500
27.3600 92343.7500
27.3600 92343.7500
27.3700 92344.5312
27.3700 92344.5312
27.3700 92345.3125
27.3700 92345.3125
27.3800 92343.5312
27.3800 92343.5312
27.3800 92344.3203
27.3800 92344.3203
27.3800 92344.3203
27.3800 92344.3203
27.3900 92345.1328
27.3900 92345.1328
27.3900 92345.1328
27.3900 92345.1328
27.3900 92343.3516
27.3900 92343.3516
27.4000 92344.1328
27.4000 92344.1328
27.4000 92342.3516
27.4000 92342.3516
27.4100 92343.1328
27.4100 92343.9141
27.4100 92341.3516
27.4200 92342.1719
27.4200 92342.1719
27.4200 92342.9531
27.4300 92343.7344
27.4300 92341.1719
27.4300 92341.9531
27.4300 92341.9531
27.4400 92342.7344
27.4400 92342.7344
27.4400 92340.9531
27.4400 92340.9531
27.4400 92340.9531
27.4400 92340.9531
27.4500 92341.7656
27.4500 92341.7656
27.4500 92341.7656
27.4500 92341.7656
27.4500 92341.7656
27.4500 92341.7656
27.4500 92341.7656
27.4500 92341.7656
27.4500 92341.7656
27.4500 92341.7656
27.4500 92341.7656
27.4500 92341.7656
27.4500 92341.7656
27.4500 92341.7656
27.4500 92341.7656
27.4500 92341.7656
27.4400 92340.9531
27.4400 92340.9531
27.4400 92340.9531
27.4400 92340.9531
27.4400 92340.9531
27.4500 92341.7656
27.4500 92341.7656
27.4500 92341.7656
27.4500 92341.7656
27.4500 92341.7656
27.4500 92341.7656
27.4500 92341.7656
27.4500 92339.2031
27.4500 92339.9844
27.4500 92339.9844
27.4500 92339.9844
27.4500 92339.9844
27.4600 92340.7656
27.4600 92340.7656
27.4600 92340.7656
27.4600 92340.7656
27.4600 92340.7656
27.4600 92340.7656
27.4600 92340.7656
27.4600 92340.7656
27.4600 92341.5547
27.4600 92338.9844
27.4600 92338.9844
27.4600 92338.9844
27.4600 92338.9844
27.4600 92338.9844
27.4600 92338.2031
27.4600 92338.2031
27.4600 92338.2031
27.4600 92338.2031
27.4600 92338.2031
27.4600 92338.2031
27.4600 92338.2031
27.4600 92338.2031
27.4600 92338.2031
27.4600 92338.2031
27.4500 92337.4219
27.4500 92337.4219
27.4500 92337.4219
27.4500 92337.4219
27.4500 92337.4219
27.4500 92337.4219
27.4500 92337.4219
27.4500 92337.4219
27.4500 92337.4219
27.4500 92337.4219
27.4500 92339.9844
27.4500 92339.9844
27.4500 92339.9844
27.4500 92339.9844
27.4500 92339.9844
27.4500 92337.4219
27.4500 92337.4219
27.4500 92337.4219
27.4500 92337.4219
27.4500 92337.4219
27.4500 92337.4219
27.4500 92337.4219
27.4500 92337.4219
27.4500 92337.4219
27.4500 92337.4219
27.4600 92338.2031
27.4600 92338.2031
27.4500 92337.4219
27.4500 92337.4219
27.4500 92337.4219
27.4500 92336.6406
27.4500 92339.2031
27.4400 92338.3906
27.4400 92337.6094
27.4300 92336.8281
27.4300 92338.6094
27.4300 92338.6094
27.4200 92337.8281
27.4200 92337.8281
27.4200 92339.6016
27.4100 92338.7891
27.4100 92338.7891
27.4100 92338.0000
27.4100 92338.0000
27.4000 92339.7891
27.4000 92339.7891
27.4000 92339.0000
27.3900 92338.2188
27.3900 92338.2188
27.3900 92340.0000
27.3900 92340.0000
27.3800 92339.1875
27.3800 92338.4062
27.3800 92338.4062
27.3800 92338.4062
27.3700 92340.1875
27.3700 92339.4062
27.3700 92339.4062
27.3600 92338.6250
27.3600 92338.6250
27.3600 92340.4062
27.3600 92340.4062
27.3500 92339.5938
27.3500 92339.5938
27.3500 92338.8047
27.3500 92338.8047
27.3500 92341.3672
27.3500 92340.5859
27.3500 92340.5859
27.3500 92340.5859
27.3500 92340.5859
27.3500 92340.5859
27.3500 92340.5859
27.3400 92339.8047
27.3400 92339.8047
27.3400 92339.8047
27.3400 92339.8047
27.3400 92339.8047
27.3400 92339.8047
27.3400 92339.0156
27.3400 92341.5859
27.3400 92341.5859
27.3300 92340.7656
27.3300 92340.7656
27.3300 92340.7656
27.3300 92340.7656
27.3300 92339.9531
27.3300 92339.9531
27.3200 92341.7344
27.3200 92341.7344
27.3200 92340.9531
27.3200 92340.9531
27.3100 92342.7344
27.3100 92342.7344
27.3100 92341.9531
27.3100 92341.9531
27.3000 92341.1406
27.3000 92342.9219
27.3000 92342.9219
27.2900 92342.1328
27.2900 92342.1328
27.2900 92341.3516
27.2900 92341.3516
27.2800 92343.1328
27.2800 92342.3516
27.2800 92342.3516
27.2700 92341.5312
27.2700 92341.5312
27.2700 92340.7500
27.2600 92339.9688
27.2600 92342.5312
27.2600 92341.7500
27.2500 92340.9688
27.2500 92340.1875
27.2500 92342.7500
27.2400 92341.9375
27.2400 92341.1484
27.2300 92340.3672
27.2300 92340.3672
27.2300 92342.1406
27.2300 92342.1406
27.2200 92341.3594
27.2200 92341.3594
27.2200 92341.3594
27.2200 92340.5469
27.2200 92340.5469
27.2100 92339.7656
27.2100 92342.3281
27.2100 92342.3281
27.2100 92341.5469
27.2100 92341.5469
27.2000 92340.7656
27.2000 92340.7656
27.2000 92340.7656
27.2000 92339.9844
27.2000 92342.5469
27.2000 92342.5469
27.1900 92341.7656
27.1900 92341.7656
27.1900 92341.7656
27.1900 92340.9531
27.1900 92340.9531
27.1900 92340.9531
27.1800 92340.1719
27.1800 92340.1719
27.1800 92340.1719
27.1800 92340.1719
27.1800 92340.1719
27.1900 92340.9531
27.1900 92340.9531
27.1900 92339.2031
27.1900 92339.2031
27.2000 92339.9844
27.2000 92340.7656
27.2000 92338.2031
27.2100 92338.9844
27.2100 92339.7656
27.2200 92340.5469
27.2200 92337.9844
27.2200 92338.7969
27.2200 92338.7969
27.2300 92339.5859
27.2300 92339.5859
27.2300 92340.3672
27.2300 92337.8047
27.2400 92338.5859
27.2400 92338.5859
27.2400 92339.3672
27.2400 92339.3672
27.2500 92340.1875
27.2500 92340.1875
27.2500 92340.9688
27.2500 92340.9688
27.2600 92341.7500
27.2600 92339.1875
27.2600 92339.1875
27.2600 92339.1875
27.2600 92339.9688
27.2600 92339.9688
27.2600 92339.9688
27.2600 92339.9688
27.2700 92340.7500
27.2700 92340.7500
27.2700 92338.9688
27.2700 92338.9688
27.2700 92338.9688
27.2700 92338.9688
27.2700 92338.9688
27.2700 92338.9688
27.2700 92338.9688
27.2800 92339.7891
27.2800 92339.7891
27.2800 92339.7891
27.2800 92339.7891
27.2800 92339.7891
27.2800 92339.7891
27.2800 92339.7891
27.2800 92339.7891
27.2800 92339.7891
27.2800 92339.7891
27.2800 92339.7891
27.2800 92339.7891
27.2800 92339.7891
27.2800 92339.7891
27.2800 92339.7891
27.2800 92339.7891
27.2800 92339.7891
27.2800 92339.7891
27.2800 92337.2188
27.2800 92337.2188
27.2800 92338.0000
27.2800 92338.0000
27.2800 92338.0000
27.2800 92338.0000
27.2800 92338.0000
27.2900 92338.7891
27.2900 92338.7891
27.2900 92338.7891
27.2900 92338.7891
27.2900 92338.7891
27.2900 92338.7891
27.2900 92336.2188
27.2900 92336.2188
27.2900 92336.2188
27.2900 92337.0000
27.2900 92337.0000
27.2900 92337.0000
27.2900 92337.0000
27.2900 92337.0000
27.2900 92337.0000
27.2900 92337.0000
27.2900 92337.0000
27.2900 92337.0000
27.3000 92337.7969
27.3000 92337.7969
27.3000 92337.7969
27.3000 92337.7969
27.3000 92337.7969
27.3000 92338.5781
27.3000 92338.5781
27.3000 92338.5781
27.3100 92339.3906
27.3100 92336.8281
27.3100 92336.8281
27.3100 92337.6094
27.3100 92337.6094
27.3200 92338.3906
27.3200 92338.3906
27.3200 92338.3906
27.3200 92338.3906
27.3200 92338.3906
27.3200 92338.3906
27.3200 92338.3906
27.3200 92339.1719
27.3200 92339.1719
27.3200 92336.6094
27.3200 92336.6094
27.3200 92336.6094
27.3200 92336.6094
27.3300 92337.3906
27.3300 92337.3906
27.3300 92337.3906
27.3300 92338.2031
27.3300 92335.6406
27.3300 92335.6406
27.3400 92336.4531
27.3400 92336.4531
27.3400 92337.2344
27.3400 92337.2344
27.3500 92335.4531
27.3500 92335.4531
27.3500 92335.4531
27.3500 92336.2344
27.3500 92336.2344
27.3500 92336.2344
27.3500 92337.0312
27.3500 92337.0312
27.3500 92337.0312
27.3500 92334.4609
27.3500 92334.4609
27.3500 92334.4609
27.3600 92335.2812
27.3600 92335.2812
27.3600 92335.2812
27.3600 92335.2812
27.3600 92335.2812
27.3600 92336.0625
27.3600 92336.0625
27.3600 92336.0625
27.3600 92336.0625
27.3700 92336.8438
27.3700 92336.8438
27.3700 92336.8438
27.3700 92337.6250
27.3700 92337.6250
27.3700 92335.0625
27.3700 92335.0625
27.3800 92335.8438
27.3800 92335.8438
27.3800 92335.8438
27.3800 92335.8438
27.3800 92335.8438
27.3800 92335.8438
27.3800 92336.6250
27.3800 92336.6250
27.3800 92336.6250
27.3800 92336.6250
27.3800 92336.6250
27.3800 92336.6250
27.3800 92336.6250
27.3800 92336.6250
27.3800 92336.6250
27.3800 92336.6250
27.3800 92336.6250
27.3800 92336.6250
27.3800 92336.6250
27.3900 92337.4375
27.3900 92337.4375
27.3900 92334.8750
27.3900 92334.8750
27.3900 92335.6562
27.3900 92335.6562
27.3900 92335.6562
27.3900 92335.6562
27.4000 92336.4375
27.4000 92336.4375
27.4000 92336.4375
27.4000 92337.2188
27.4000 92337.2188
27.4000 92337.2188
27.4100 92338.0000
27.4100 92338.0000
27.4100 92335.4375
27.4100 92335.4375
27.4100 92335.4375
27.4100 92336.2188
27.4100 92336.2188
27.4100 92336.2188
27.4100 92336.2188
27.4100 92336.2188
27.4100 92336.2188
27.4100 92336.2188
27.4100 92336.2188
27.4100 92336.2188
27.4200 92337.0391
27.4200 92334.4688
27.4200 92334.4688
27.4200 92334.4688
27.4200 92335.2578
27.4200 92335.2578
27.4200 92335.2578
27.4200 92335.2578
27.4200 92335.2578
27.4300 92336.0469
27.4300 92336.0469
27.4300 92336.0469
27.4300 92333.4766
27.4300 92334.2656
27.4300 92334.2656
27.4300 92334.2656
27.4300 92334.2656
27.4300 92334.2656
27.4400 92335.0469
27.4400 92335.0469
27.4400 92335.0469
27.4400 92335.0469
27.4400 92335.8281
27.4400 92335.8281
27.4400 92335.8281
27.4400 92333.2656
27.4400 92333.2656
27.4500 92334.0781
27.4500 92334.0781
27.4500 92334.0781
27.4500 92334.0781
27.4500 92334.0781
27.4500 92334.0781
27.4500 92334.0781
27.4500 92334.8594
27.4500 92334.8594
27.4500 92334.8594
27.4500 92334.8594
27.4500 92334.8594
27.4500 92334.8594
27.4500 92334.8594
27.4500 92334.8594
27.4500 92334.8594
27.4500 92334.8594
27.4500 92334.8594
27.4500 92334.8594
27.4500 92334.8594
27.4500 92334.8594
27.4500 92334.8594
27.4500 92334.8594
27.4500 92334.8594
27.4500 92334.0781
27.4500 92334.0781
27.4500 92334.0781
27.4500 92334.0781
27.4400 92333.2656
27.4400 92333.2656
27.4400 92333.2656
27.4400 92335.0469
27.4400 92335.0469
27.4300 92334.2656
27.4300 92333.4766
27.4300 92333.4766
27.4200 92335.2578
27.4200 92335.2578
27.4200 92334.4688
27.4200 92334.4688
27.4200 92334.4688
27.4200 92334.4688
27.4100 92333.6562
27.4100 92333.6562
27.4100 92336.2188
27.4100 92335.4375
27.4100 92335.4375
27.0600 92328.9375
27.0600 92328.9375
27.0600 92328.9375
27.0600 92328.9375
27.0600 92328.9375
27.0700 92329.7188
27.0700 92329.7188
27.0700 92329.7188
27.0700 92329.7188
27.0700 92329.7188
27.0700 92329.7188
27.0700 92329.7188
27.0700 92329.7188
27.0700 92329.7188
27.0700 92329.7188
27.0700 92329.7188
27.0700 92329.7188
27.0700 92329.7188
27.0700 92329.7188
27.0700 92329.7188
27.0700 92329.7188
27.0700 92329.7188
27.0700 92329.7188
27.0700 92329.7188
27.0700 92329.7188
27.0700 92329.7188
27.0700 92329.7188
27.0700 92329.7188
27.0700 92329.7188
27.0700 92329.7188
27.0700 92327.1562
27.0700 92327.9375
27.0700 92327.9375
27.0700 92327.9375
27.0700 92327.9375
27.0700 92327.1562
27.0700 92327.1562
27.0700 92327.1562
27.0700 92327.1562
27.0700 92327.1562
27.0700 92327.1562
27.0700 92327.1562
27.0700 92327.1562
27.0700 92327.1562
27.0700 92327.1562
27.0700 92327.1562
27.0700 92327.1562
27.0700 92327.1562
27.0700 92327.1562
27.0700 92327.1562
27.0700 92327.1562
27.0700 92327.1562
27.0700 92327.1562
27.0600 92326.3750
27.0600 92326.3750
27.0600 92326.3750
27.0600 92326.3750
27.0600 92325.5859
27.0600 92325.5859
27.0600 92328.1562
27.0600 92328.1562
27.0600 92325.5859
27.0600 92325.5859
27.0600 92325.5859
27.0600 92325.5859
27.0600 92325.5859
27.0600 92325.5859
27.0600 92325.5859
27.0600 92325.5859
27.0600 92325.5859
27.0600 92325.5859
27.0600 92325.5859
27.0500 92324.8047
27.0500 92327.3750
27.0500 92327.3750
27.0500 92327.3750
27.0500 92326.5859
27.0500 92326.5859
27.0500 92326.5859
27.0400 92325.7734
27.0400 92325.7734
27.0400 92325.7734
27.0400 92325.7734
27.0400 92324.9844
27.0400 92324.9844
27.0400 92327.5469
27.0400 92326.7656
27.0400 92326.7656
27.0400 92326.7656
27.0300 92325.9844
27.0300 92325.9844
27.0300 92325.9844
27.0300 92325.9844
27.0300 92325.9844
27.0300 92325.2031
27.0300 92325.2031
27.0300 92325.2031
27.0300 92325.2031
27.0300 92325.2031
27.0300 92325.2031
27.0300 92325.2031
27.0300 92325.2031
27.0300 92325.2031
27.0300 92325.2031
27.0300 92325.2031
27.0300 92325.2031
27.0300 92325.2031
27.0300 92325.2031
27.0300 92325.2031
27.0300 92325.2031
27.0300 92325.2031
27.0300 92325.2031
27.0300 92325.2031
27.0300 92325.2031
27.0200 92324.3906
27.0200 92324.3906
27.0200 92324.3906
27.0200 92324.3906
27.0200 92324.3906
27.0200 92324.3906
27.0200 92324.3906
27.0200 92324.3906
27.0200 92324.3906
27.0200 92324.3906
27.0200 92323.6094
27.0200 92323.6094
27.0200 92323.6094
27.0200 92323.6094
27.0200 92323.6094
27.0200 92323.6094
27.0200 92323.6094
27.0200 92323.6094
27.0200 92323.6094
27.0200 92323.6094
27.0200 92323.6094
27.0100 92325.3906
27.0100 92325.3906
27.0100 92325.3906
27.0100 92325.3906
27.0100 92325.3906
27.0100 92324.6016
27.0100 92324.6016
27.0100 92324.6016
27.0100 92324.6016
27.0100 92324.6016
27.0000 92323.8125
27.0000 92323.8125
27.0000 92323.8125
27.0000 92326.3828
27.0000 92325.6016
27.0000 92325.6016
27.0000 92325.6016
27.0000 92325.6016
26.9900 92324.7812
26.9900 92324.7812
26.9900 92324.7812
26.9900 92324.7812
26.9900 92324.0000
26.9900 92324.0000
26.9800 92323.2188
26.9800 92325.7812
26.9800 92325.0000
26.9800 92325.0000
26.9700 92324.2188
26.9700 92324.2188
26.9700 92323.4297
26.9700 92326.0000
26.9600 92325.1797
26.9600 92325.1797
26.9600 92324.3906
26.9600 92324.3906
26.9500 92323.6094
26.9500 92323.6094
26.9500 92323.6094
26.9500 92323.6094
26.9500 92322.8281
26.9500 92322.8281
26.9500 92322.8281
26.9400 92322.0469
26.9400 92324.6094
26.9400 92323.7969
26.9400 92323.7969
26.9400 92323.7969
26.9300 92323.0156
26.9300 92323.0156
26.9300 92322.2344
26.9300 92322.2344
26.9300 92322.2344
26.9200 92321.4453
26.9200 92321.4453
26.9200 92321.4453
26.9200 92320.6562
26.9200 92323.2266
26.9100 92322.4375
26.9100 92322.4375
26.9100 92322.4375
26.9100 92321.6250
26.9100 92321.6250
26.9100 92321.6250
26.9100 92321.6250
26.9000 92320.8438
26.9000 92320.8438
26.9000 92320.8438
26.9000 92320.0625
26.9000 92322.6250
26.9000 92322.6250
26.8900 92321.8438
26.8900 92321.8438
26.8900 92321.8438
26.8900 92321.8438
26.8900 92321.0547
26.8900 92321.0547
26.8900 92321.0547
26.8900 92321.0547
26.8800 92320.2734
26.8800 92322.8438
26.8800 92322.8438
26.8800 92322.8438
26.8800 92322.8438
26.8800 92322.8438
26.8800 92322.8438
26.8800 92322.8438
26.8800 92322.8438
26.8800 92322.8438
26.8800 92322.0156
26.8800 92322.0156
26.8800 92322.0156
26.8800 92322.0156
26.8800 92322.0156
26.8700 92321.2344
26.8700 92321.2344
26.8700 92321.2344
26.8700 92321.2344
26.8700 92321.2344
26.8700 92320.4531
26.8700 92320.4531
26.8700 92323.0156
26.8700 92323.0156
26.8700 92323.0156
26.8600 92322.2344
26.8600 92322.2344
26.8600 92322.2344
26.8600 92322.2344
26.8600 92322.2344
26.8600 92322.2344
26.8600 92322.2344
26.8600 92321.4531
26.8600 92321.4531
26.8600 92321.4531
26.8600 92321.4531
26.8600 92321.4531
26.8600 92321.4531
26.8600 92321.4531
26.8600 92321.4531
26.8600 92321.4531
26.8500 92320.6719
26.8500 92320.6719
26.8500 92320.6719
26.8500 92320.6719
26.8500 92320.6719
26.8500 92320.6719
26.8500 92320.6719
26.8500 92320.6719
26.8500 92320.6719
26.8500 92320.6719
26.8500 92323.2344
26.8500 92322.4141
26.8500 92322.4141
26.8500 92322.4141
26.8500 92322.4141
26.8500 92322.4141
26.8500 92322.4141
26.8500 92322.4141
26.8500 92322.4141
26.8500 92322.4141
26.8400 92321.6328
26.8400 92321.6328
26.8400 92321.6328
26.8400 92321.6328
26.8400 92321.6328
26.8400 92321.6328
26.8400 92321.6328
26.8400 92320.8516
26.8400 92320.8516
26.8400 92323.4062
26.8300 92322.6250
26.8300 92322.6250
26.8300 92322.6250
26.8300 92322.6250
26.8300 92321.8438
26.8300 92321.8438
26.8300 92321.8438
26.8300 92321.8438
26.8200 92321.0312
26.8200 92321.0312
26.8200 92321.0312
26.8200 92321.0312
26.8200 92321.0312
26.8200 92321.0312
26.8200 92321.0312
26.8200 92322.8125
26.8200 92322.8125
26.8200 92322.8125
26.8200 92322.8125
26.8200 92322.8125
26.8100 92322.0312
26.8100 92322.0312
26.8100 92322.0312
26.8100 92322.0312
26.8100 92322.0312
26.8100 92321.2422
26.8100 92321.2422
26.8100 92321.2422
26.8000 92320.4609
26.8000 92320.4609
26.8000 92323.0234
26.8000 92323.0234
26.8000 92322.2344
26.8000 92322.2344
26.8000 92322.2344
26.8000 92322.2344
26.7900 92321.4219
26.7900 92321.4219
26.7900 92321.4219
26.7900 92320.6406
26.7900 92320.6406
26.7900 92320.6406
26.7800 92319.8594
26.7800 92319.8594
26.7800 92322.4219
26.7800 92322.4219
26.7800 92322.4219
26.7800 92321.6406
26.7800 92321.6406
26.7800 92321.6406
26.7800 92321.6406
26.7700 92320.8594
26.7700 92320.8594
26.7700 92320.8594
26.7700 92320.8594
26.7700 92320.0703
26.7700 92320.0703
26.7700 92320.0703
26.7600 92321.8125
26.7600 92321.8125
26.7600 92321.8125
26.7600 92321.0312
26.7600 92321.0312
26.7600 92321.0312
26.7600 92321.0312
26.7600 92321.0312
26.7500 92320.2500
26.7500 92320.2500
26.7500 92320.2500
26.7500 92320.2500
26.7500 92320.2500
26.7500 92320.2500
26.7500 92319.4688
26.7500 92319.4688
26.7500 92319.4688
26.7500 92319.4688
26.7500 92319.4688
26.7500 92321.2500
26.7500 92321.2500
26.7500 92321.2500
26.7400 92320.4688
26.7400 92320.4688
26.7400 92320.4688
26.7400 92320.4688
26.7400 92319.6484
26.7400 92319.6484
26.7300 92318.8672
26.7300 92321.4219
26.7300 92321.4219
26.7300 92320.6406
26.7300 92320.6406
26.7300 92320.6406
26.7200 92319.8281
26.7200 92319.8281
26.7200 92319.8281
26.7200 92319.0469
26.7200 92319.0469
26.7200 92319.0469
26.7200 92319.0469
26.7100 92318.2344
26.7100 92318.2344
26.7100 92318.2344
26.7100 92318.2344
26.7100 92318.2344
26.7100 92318.2344
26.7100 92318.2344
26.7100 92318.2344
26.7100 92318.2344
26.7100 92317.4531
26.7100 92317.4531
26.7100 92317.4531
26.7100 92317.4531
26.7100 92317.4531
26.7100 92317.4531
26.7000 92319.2266
26.7000 92319.2266
26.7000 92319.2266
26.7000 92319.2266
26.7000 92318.4453
26.7000 92318.4453
26.7000 92318.4453
26.6900 92317.6562
26.6900 92317.6562
26.6900 92316.8750
26.6900 92316.8750
26.6900 92316.8750
26.6800 92318.6250
26.6800 92318.6250
26.6800 92317.8438
26.6800 92317.8438
26.6800 92317.8438
26.6700 92317.0625
26.6700 92317.0625
26.6700 92317.0625
26.6700 92317.0625
26.6700 92316.2734
26.6700 92316.2734
26.6700 92316.2734
26.6700 92318.8359
26.6600 92318.0469
26.6600 92318.0469
26.6600 92318.0469
26.6600 92318.0469
26.6600 92318.0469
26.6600 92318.0469
26.6600 92318.0469
26.6600 92317.2656
26.6600 92317.2656
26.6600 92317.2656
26.6600 92317.2656
26.6600 92317.2656
26.6600 92317.2656
26.6600 92317.2656
26.6600 92317.2656
26.6600 92317.2656
26.6600 92314.7031
26.6600 92314.7031
26.6600 92314.7031
26.6600 92314.7031
26.6600 92314.7031
26.6600 92314.7031
26.6600 92314.7031
26.6600 92314.7031
26.6600 92314.7031
26.6600 92314.7031
26.6600 92317.2656
26.6500 92316.4531
26.6500 92316.4531
26.6500 92316.4531
26.6500 92316.4531
26.6500 92316.4531
26.6500 92315.6719
26.6500 92315.6719
26.6500 92315.6719
26.6500 92315.6719
26.6400 92314.8906
26.6400 92314.8906
26.6400 92314.8906
26.6400 92314.1094
26.6400 92314.1094
26.6400 92316.6641
26.6400 92316.6641
26.6300 92315.8828
26.6300 92315.8828
26.6300 92315.8828
26.6300 92315.0703
26.6300 92315.0703
26.6300 92315.0703
26.6200 92314.2812
26.6200 92314.2812
26.6200 92313.5000
26.6200 92316.0625
26.6200 92316.0625
26.6100 92315.2812
26.6100 92315.2812
26.6100 92315.2812
26.6100 92315.2812
26.6100 92314.5000
26.6100 92314.5000
26.6100 92317.0625
26.6000 92316.2734
26.6000 92316.2734
26.6000 92316.2734
26.6000 92316.2734
26.6000 92315.4609
26.6000 92315.4609
26.6000 92315.4609
26.6000 92315.4609
26.5900 92314.6797
26.5900 92314.6797
26.5900 92314.6797
26.5900 92313.8906
26.5900 92313.8906
26.5900 92313.8906
26.5900 92316.4531
26.5800 92315.6719
26.5800 92315.6719
26.5800 92315.6719
26.5800 92315.6719
26.5800 92315.6719
26.5800 92314.8906
26.5800 92314.8906
26.5800 92314.8906
26.5800 92314.8906
26.5800 92314.8906
26.5800 92314.8906
26.5700 92314.1094
26.5700 92314.1094
26.5700 92314.1094
26.5700 92314.1094
26.5700 92314.1094
26.5700 92316.6641
26.5700 92316.6641
26.5700 92315.8516
26.5700 92315.8516
26.5700 92315.8516
26.5700 92315.8516
26.5600 92315.0703
26.5600 92315.0703
26.5600 92317.6250
26.5600 92316.8438
26.5600 92316.8438
26.5600 92316.8438
26.5600 92316.8438
26.5500 92316.0625
26.5500 92316.0625
26.5500 92316.0625
26.5500 92316.0625
26.5500 92317.8438
26.5500 92317.8438
26.5500 92317.8438
26.5500 92317.8438
26.5500 92317.8438
26.5500 92317.8438
26.5400 92317.0625
26.5400 92317.0625
26.5400 92317.0625
26.5400 92317.0625
26.5400 92317.0625
26.5400 92318.7969
26.5400 92318.7969
26.5400 92318.7969
26.5400 92318.7969
26.5400 92318.7969
26.5400 92318.7969
26.5400 92318.7969
26.5300 92318.0156
26.5300 92318.0156
26.5300 92318.0156
26.5300 92318.0156
26.5300 92318.0156
26.5300 92318.0156
26.5300 92318.0156
26.5300 92318.0156
26.5300 92318.0156
26.5300 92317.2344
26.5300 92317.2344
26.5300 92317.2344
26.5300 92317.2344
26.5300 92317.2344
26.5300 92317.2344
26.5300 92317.2344
26.5300 92317.2344
26.5300 92317.2344
26.5300 92317.2344
26.5300 92317.2344
26.5300 92317.2344
26.5300 92317.2344
26.5300 92317.2344
26.5300 92317.2344
26.5300 92317.2344
26.5300 92317.2344
26.5300 92318.0156
26.5300 92318.0156
26.5300 92318.0156
26.5300 92315.4531
26.5300 92315.4531
26.5300 92315.4531
26.5400 92316.2422
26.5400 92316.2422
26.5400 92316.2422
26.5400 92316.2422
26.5400 92316.2422
26.5400 92317.0625
26.5400 92317.0625
26.5400 92317.0625
26.5400 92317.0625
26.5400 92314.5000
26.5400 92314.5000
26.5400 92314.5000
26.5400 92314.5000
26.5500 92315.2812
26.5500 92315.2812
26.5500 92315.2812
26.5500 92315.2812
26.5500 92315.2812
26.5500 92315.2812
26.5500 92315.2812
26.5500 92315.2812
26.5500 92315.2812
26.5500 92315.2812
26.5500 92315.2812
26.5500 92315.2812
26.5500 92315.2812
26.5500 92315.2812
26.5500 92315.2812
26.5500 92315.2812
26.5500 92315.2812
26.5500 92315.2812
26.5500 92315.2812
26.5500 92315.2812
26.5500 92315.2812
26.5500 92315.2812
26.5500 92315.2812
26.5500 92315.2812
26.5500 92315.2812
26.5500 92315.2812
26.5500 92315.2812
26.5500 92315.2812
26.5500 92312.7188
26.5500 92312.7188
26.5500 92312.7188
26.5500 92312.7188
26.5500 92312.7188
26.5500 92312.7188
26.5500 92312.7188
26.5500 92312.7188
26.5500 92312.7188
26.5500 92312.7188
26.5500 92312.7188
26.5500 92312.7188
26.5400 92311.9375
26.5400 92311.9375
26.5400 92311.9375
26.5400 92311.9375
26.5400 92314.5000
26.5400 92313.6875
26.5400 92313.6875
26.5400 92313.6875
26.5400 92313.6875
26.5300 92312.8906
26.5300 92312.8906
26.5300 92315.4531
26.5300 92315.4531
26.5300 92314.6719
26.5300 92314.6719
26.5300 92314.6719
26.5300 92314.6719
26.5300 92314.6719
26.5200 92313.8906
26.5200 92316.4531
26.5200 92316.4531
26.5200 92316.4531
26.5200 92315.6719
26.5200 92315.6719
26.5200 92315.6719
26.5200 92315.6719
26.5100 92317.4141
26.5100 92317.4141
26.5100 92317.4141
26.5100 92317.4141
26.5100 92316.6250
26.5100 92316.6250
26.5100 92319.1953
26.5000 92318.4062
26.5000 92318.4062
26.5000 92318.4062
26.5000 92318.4062
26.5000 92317.6250
26.5000 92317.6250
26.5000 92317.6250
26.5000 92317.6250
26.5000 92317.6250
26.4900 92316.8438
26.4900 92319.4062
26.4900 92319.4062
26.4900 92318.6250
26.4900 92318.6250
26.4900 92318.6250
26.4900 92318.6250
26.4900 92318.6250
26.4900 92318.6250
26.4900 92318.6250
26.4900 92318.6250
26.4800 92317.7969
26.4800 92317.7969
26.4800 92317.7969
26.4800 92317.7969
26.4800 92317.7969
26.4800 92317.7969
26.4800 92317.7969
26.4900 92318.6250
26.4900 92318.6250
26.4900 92318.6250
26.4900 92318.6250
26.4900 92318.6250
26.4900 92318.6250
26.4900 92318.6250
26.4900 92318.6250
26.4900 92318.6250
26.4900 92318.6250
26.4900 92318.6250
26.4900 92316.0625
26.4900 92316.0625
26.4900 92316.0625
26.4900 92316.0625
26.4900 92316.0625
26.4900 92316.8438
26.4900 92316.8438
26.4900 92316.8438
26.4900 92319.4062
26.4900 92318.6250
26.4900 92318.6250
26.4900 92318.6250
26.4900 92318.6250
26.4900 92318.6250
26.4800 92317.7969
26.4800 92317.7969
26.4800 92317.7969
26.4800 92317.7969
26.4800 92317.7969
26.4800 92317.7969
26.4800 92317.7969
26.4800 92317.0156
26.4800 92317.0156
26.4800 92317.0156
26.4800 92317.0156
26.4800 92317.0156
26.4800 92317.0156
26.4800 92317.0156
26.4800 92317.0156
26.4800 92317.0156
26.4800 92317.0156
26.4800 92317.0156
26.4800 92317.0156
26.4800 92317.0156
26.4800 92317.0156
26.4800 92317.0156
26.4800 92317.0156
26.4800 92317.0156
26.4800 92317.0156
26.4800 92317.0156
26.4800 92317.0156
26.4800 92317.0156
26.4800 92317.7969
26.4800 92317.0156
26.4800 92317.0156
26.4800 92317.0156
26.4800 92317.0156
26.4800 92317.0156
26.4800 92317.0156
26.4800 92317.0156
26.4800 92317.0156
26.4800 92317.7969
26.4800 92317.7969
26.4800 92317.7969
26.4800 92317.7969
26.4800 92317.7969
26.4800 92315.2422
26.4800 92315.2422
26.4800 92315.2422
26.4800 92315.2422
26.4800 92315.2422
26.4800 92315.2422
26.4800 92315.2422
26.4800 92317.7969
26.4800 92317.0156
26.4800 92317.0156
26.4800 92317.0156
26.4800 92317.0156
26.4800 92317.0156
26.4800 92317.0156
26.4700 92316.2344
26.4700 92316.2344
26.4700 92316.2344
26.4700 92316.2344
26.4700 92316.2344
26.4700 92316.2344
26.4700 92318.0156
26.4700 92318.0156
26.4700 92318.0156
26.4700 92318.0156
26.4700 92318.0156
26.4600 92317.2344
26.4600 92317.2344
26.4600 92317.2344
26.4600 92317.2344
26.4600 92317.2344
26.4600 92316.4531
26.4600 92316.4531
26.4600 92316.4531
26.4600 92316.4531
26.4500 92315.6328
26.4500 92318.1953
26.4500 92318.1953
26.4500 92318.1953
26.4500 92317.4062
26.4500 92317.4062
26.4500 92317.4062
26.4500 92317.4062
26.4500 92317.4062
26.4500 92317.4062
26.4400 92316.6250
26.4400 92316.6250
26.4400 92316.6250
26.4400 92316.6250
26.4400 92316.6250
26.4400 92316.6250
26.4400 92316.6250
26.4400 92316.6250
26.4400 92316.6250
26.4400 92316.6250
26.4400 92316.6250
26.4400 92316.6250
26.4400 92315.8438
26.4400 92315.8438
26.4400 92316.6250
26.4400 92316.6250
26.4400 92316.6250
26.4400 92316.6250
26.4400 92316.6250
26.4400 92316.6250
26.4400 92316.6250
26.4400 92316.6250
26.4400 92316.6250
26.4400 92316.6250
26.4400 92316.6250
26.4400 92316.6250
26.4400 92316.6250
26.4400 92314.0625
26.4400 92314.0625
26.4400 92314.0625
26.4500 92314.8516
26.4500 92314.8516
26.4500 92314.8516
26.4500 92314.8516
26.4500 92314.8516
26.4500 92314.8516
26.4500 92314.8516
26.4500 92314.8516
26.4500 92314.8516
26.4500 92314.8516
26.4500 92314.8516
26.4500 92314.8516
26.4500 92314.8516
26.4500 92314.8516
26.4500 92314.8516
26.4500 92314.8516
26.4500 92314.8516
26.4500 92314.8516
26.4400 92314.0625
26.4400 92314.0625
26.4400 92314.0625
26.4400 92314.0625
26.4400 92314.0625
26.4400 92314.0625
26.4400 92314.0625
26.4400 92313.2812
26.4400 92313.2812
26.4400 92315.8438
26.4400 92315.8438
26.4400 92315.8438
26.4400 92315.0625
26.4400 92315.0625
26.4400 92315.0625
26.4400 92315.0625
26.4300 92314.2500
26.4300 92314.2500
26.4300 92316.8125
26.4300 92316.0234
26.4300 92316.0234
26.4300 92316.0234
26.4200 92315.2344
26.4200 92315.2344
26.4200 92315.2344
26.4200 92314.4531
26.4200 92317.0156
26.4200 92317.0156
26.4100 92316.2344
26.4100 92316.2344
26.4100 92316.2344
26.4100 92315.4531
26.4100 92315.4531
26.4100 92315.4531
26.4000 92314.6328
26.4000 92314.6328
26.4000 92313.8516
26.4000 92316.4062
26.3900 92315.6250
26.3900 92315.6250
26.3900 92314.8438
26.3900 92314.8438
26.3900 92314.8438
26.3800 92314.0625
26.3800 92314.0625
26.3800 92314.0625
26.3800 92314.0625
26.3800 92313.2812
26.3800 92313.2812
26.3800 92313.2812
26.3800 92313.2812
26.3800 92313.2812
26.3800 92313.2812
26.3800 92313.2812
26.3800 92313.2812
26.3800 92313.2812
26.3800 92313.2812
26.3800 92313.2812
26.3800 92313.2812
26.3800 92313.2812
26.3800 92313.2812
26.3800 92313.2812
26.3800 92313.2812
26.3800 92313.2812
26.3800 92313.2812
26.3800 92313.2812
26.3800 92313.2812
26.3800 92313.2812
26.3800 92313.2812
26.3800 92313.2812
26.3800 92313.2812
26.3800 92313.2812
26.3800 92313.2812
26.3800 92310.7188
26.3800 92310.7188
26.3800 92311.5000
26.3800 92311.5000
26.3800 92311.5000
26.3800 92311.5000
26.3800 92310.7188
26.3800 92310.7188
26.3800 92310.7188
26.3800 92310.7188
26.3800 92310.7188
26.3800 92310.7188
26.3800 92310.7188
26.3800 92310.7188
26.3800 92310.7188
26.3800 92310.7188
26.3800 92310.7188
26.3800 92310.7188
26.3800 92310.7188
26.3800 92310.7188
26.3800 92310.7188
26.3800 92310.7188
26.3800 92310.7188
26.3800 92310.7188
26.3800 92310.7188
26.3800 92310.7188
26.3800 92310.7188
26.3800 92310.7188
26.3800 92310.7188
26.3800 92313.2812
26.3700 92312.4688
26.3700 92312.4688
26.3700 92312.4688
26.3700 92312.4688
26.3700 92312.4688
26.3700 92309.9062
26.3700 92309.9062
26.3700 92309.9062
26.3700 92309.9062
26.3700 92309.9062
26.3700 92309.9062
26.3700 92309.9062
26.3700 92309.1250
26.3700 92311.6875
26.3700 92311.6875
26.3700 92311.6875
26.3700 92311.6875
26.3700 92311.6875
26.3700 92311.6875
26.3700 92311.6875
26.3700 92311.6875
26.3700 92311.6875
26.3700 92311.6875
26.3700 92311.6875
26.3700 92311.6875
26.3700 92311.6875
26.3600 92310.8906
26.3600 92310.8906
26.3600 92310.8906
26.3600 92310.8906
26.3600 92310.8906
26.3600 92310.8906
26.3600 92310.8906
26.3600 92310.8906
26.3600 92310.8906
26.3600 92310.8906
26.3600 92310.8906
26.3600 92310.8906
26.3600 92310.8906
26.3600 92310.8906
26.3600 92310.8906
26.3600 92310.8906
26.3600 92310.8906
26.3600 92310.8906
26.3600 92310.8906
26.3600 92310.8906
26.3600 92310.8906
26.3600 92310.8906
26.3600 92310.8906
26.3600 92310.8906
26.3600 92310.8906
26.3600 92310.8906
26.3600 92310.8906
26.3600 92310.8906
26.3600 92310.8906
26.3600 92310.8906
26.3700 92311.6875
26.3700 92311.6875
26.3700 92311.6875
26.3700 92311.6875
26.3700 92311.6875
26.3700 92311.6875
26.3700 92309.1250
26.3700 92309.1250
26.3700 92309.1250
26.3700 92309.1250
26.3700 92309.1250
26.3700 92309.1250
26.3700 92309.1250
26.3700 92309.1250
26.3700 92309.1250
26.3700 92309.1250
26.3700 92309.9062
26.3700 92309.9062
26.3700 92309.1250
26.3700 92309.1250
26.3700 92309.1250
26.3700 92309.1250
26.3700 92309.1250
26.3700 92309.1250
26.3700 92309.1250
26.3700 92309.1250
26.3700 92309.1250
26.3700 92309.1250
26.3700 92309.1250
26.3700 92309.1250
26.3600 92308.3359
26.3600 92308.3359
26.3600 92308.3359
26.3600 92310.1094
26.3600 92310.1094
26.3600 92310.1094
26.3500 92309.3281
26.3500 92309.3281
26.3500 92308.5469
26.3500 92308.5469
26.3500 92308.5469
26.3400 92307.7344
26.3400 92307.7344
26.3400 92307.7344
26.3400 92306.9531
26.3400 92309.5078
26.3400 92309.5078
26.3300 92308.7266
26.3300 92308.7266
26.3300 92308.7266
26.3300 92307.9375
26.3300 92307.9375
26.3300 92307.9375
26.3300 92307.9375
26.3300 92307.9375
26.3200 92307.1562
26.3200 92307.1562
26.3200 92307.1562
26.3200 92307.1562
26.3200 92307.1562
26.3200 92307.1562
26.3200 92307.1562
26.3200 92306.3438
26.3200 92306.3438
26.3200 92306.3438
26.3200 92306.3438
26.3200 92306.3438
26.3200 92306.3438
26.3200 92306.3438
26.3200 92306.3438
26.3200 92306.3438
26.3100 92308.1250
26.3100 92305.5625
26.3100 92308.1250
26.3100 92308.1250
26.3100 92308.1250
26.3100 92308.1250
26.3100 92308.1250
26.3100 92308.1250
26.3100 92307.3359
26.3100 92307.3359
26.3100 92307.3359
26.3100 92307.3359
26.3100 92307.3359
26.3100 92307.3359
26.3100 92307.3359
26.3000 92306.5547
26.3000 92306.5547
26.3000 92306.5547
26.3000 92306.5547
26.3000 92306.5547
26.3000 92306.5547
26.3000 92306.5547
26.3000 92306.5547
26.3000 92306.5547
26.3000 92306.5547
26.3000 92306.5547
26.3000 92306.5547
26.3000 92306.5547
26.3000 92306.5547
26.3000 92306.5547
26.3000 92306.5547
26.3000 92306.5547
26.3000 92306.5547
26.3100 92307.3359
26.3100 92307.3359
26.3100 92307.3359
26.3000 92306.5547
26.3000 92306.5547
26.3000 92306.5547
26.3000 92306.5547
26.3000 92306.5547
26.3000 92306.5547
26.3000 92306.5547
26.3000 92305.7734
26.3000 92305.7734
26.3000 92305.7734
26.3000 92305.7734
26.3000 92305.7734
26.3000 92305.7734
26.2900 92304.9844
26.2900 92304.9844
26.2900 92304.9844
26.2900 92304.9844
26.2900 92304.9844
26.2900 92307.5469
26.2900 92307.5469
26.2900 92306.7344
26.2900 92306.7344
26.2900 92306.7344
26.2900 92306.7344
26.2900 92306.7344
26.2900 92306.7344
26.2900 92306.7344
26.2900 92306.7344
26.2900 92306.7344
26.2800 92305.9531
26.2800 92305.9531
26.2800 92305.9531
26.2800 92305.9531
26.2800 92305.9531
26.2800 92307.7266
26.2800 92307.7266
26.2800 92307.7266
26.2800 92307.7266
26.2700 92306.9375
26.2700 92306.9375
26.2700 92306.9375
26.2700 92306.9375
26.2700 92306.1562
26.2700 92306.1562
26.2700 92306.1562
26.2700 92306.1562
26.2700 92306.1562
26.2700 92306.1562
26.2700 92306.1562
26.2600 92305.3750
26.2600 92305.3750
26.2600 92305.3750
26.2600 92305.3750
26.2600 92305.3750
26.2600 92307.9375
26.2600 92307.1172
26.2600 92307.1172
26.2600 92307.1172
26.2600 92307.1172
26.2600 92307.1172
26.2600 92307.1172
26.2600 92307.1172
26.2500 92306.3359
26.2500 92306.3359
26.2500 92306.3359
26.2500 92306.3359
26.2500 92306.3359
26.2500 92306.3359
26.2500 92305.5547
26.2500 92305.5547
26.2500 92305.5547
26.2500 92305.5547
26.2500 92305.5547
26.2400 92307.3281
26.2400 92307.3281
26.2400 92307.3281
26.2400 92307.3281
26.2400 92307.3281
26.2400 92306.5469
26.2400 92306.5469
26.2400 92306.5469
26.2400 92306.5469
26.2400 92306.5469
26.2400 92306.5469
26.2400 92306.5469
26.2300 92305.7344
26.2300 92305.7344
26.2300 92305.7344
26.2300 92305.7344
26.2300 92305.7344
26.2300 92305.7344
26.2300 92305.7344
26.2300 92305.7344
26.2300 92305.7344
26.2300 92305.7344
26.2300 92305.7344
26.2300 92305.7344
26.2300 92305.7344
26.2300 92305.7344
26.2300 92305.7344
26.2300 92305.7344
26.2300 92305.7344
26.2300 92305.7344
26.2300 92305.7344
26.2300 92305.7344
26.2300 92305.7344
26.2300 92305.7344
26.2300 92308.2969
26.2300 92308.2969
26.2300 92308.2969
26.2300 92305.7344
26.2400 92306.5469
26.2400 92306.5469
26.2400 92306.5469
26.2400 92306.5469
26.2400 92306.5469
26.2400 92306.5469
26.2400 92306.5469
26.2400 92306.5469
26.2400 92306.5469
26.2400 92307.3281
26.2400 92307.3281
26.2400 92307.3281
26.2400 92307.3281
26.2400 92307.3281
26.2400 92307.3281
26.2400 92307.3281
26.2400 92307.3281
26.2400 92307.3281
26.2400 92307.3281
26.2500 92308.1094
26.2500 92308.1094
26.2500 92308.1094
26.2500 92308.1094
26.2500 92308.1094
26.2500 92308.1094
26.2500 92305.5547
26.2500 92305.5547
26.2500 92305.5547
26.2500 92305.5547
26.2500 92305.5547
26.2500 92305.5547
26.2500 92305.5547
26.2500 92305.5547
26.2500 92305.5547
26.2500 92306.3359
26.2500 92306.3359
26.2500 92306.3359
26.2500 92306.3359
26.2500 92306.3359
26.2500 92306.3359
26.2500 92306.3359
26.2500 92306.3359
26.2500 92306.3359
26.2500 92306.3359
26.2500 92306.3359
26.2500 92306.3359
26.2500 92306.3359
26.2500 92306.3359
26.2500 92306.3359
26.2500 92306.3359
26.2600 92307.1172
26.2600 92307.1172
26.2600 92307.1172
26.2600 92307.1172
26.2600 92307.1172
26.2600 92307.1172
26.2600 92307.1172
26.2600 92307.1172
26.2600 92307.1172
26.2600 92307.1172
26.2600 92307.1172
26.2600 92307.1172
26.2600 92307.1172
26.2600 92307.1172
26.2600 92307.1172
26.2600 92304.5625
26.2600 92304.5625
26.2600 92304.5625
26.2600 92304.5625
26.2500 92303.7812
26.2500 92303.7812
26.2500 92303.7812
26.2500 92303.7812
26.2500 92303.7812
26.2500 92303.7812
26.2500 92303.7812
26.2500 92303.7812
26.2500 92303.0000
26.2500 92303.0000
26.2500 92303.0000
26.2500 92303.0000
26.2500 92305.5547
26.2500 92305.5547
26.2400 92304.7734
26.2400 92304.7734
26.2400 92304.7734
26.2400 92304.7734
26.2400 92304.7734
26.2400 92304.7734
26.2400 92303.9844
26.2400 92303.9844
26.2400 92303.9844
26.2400 92303.9844
26.2400 92303.9844
26.2400 92303.9844
26.2400 92303.9844
26.2300 92303.1719
26.2300 92303.1719
26.2300 92305.7344
26.2300 92305.7344
26.2300 92305.7344
26.2300 92305.7344
26.2300 92304.9531
26.2300 92304.9531
26.2300 92304.9531
26.2300 92304.9531
26.2300 92304.9531
26.2300 92304.9531
26.2200 92304.1641
26.2200 92304.1641
26.2200 92304.1641
26.2200 92304.1641
26.2200 92304.1641
26.2200 92303.3828
26.2200 92305.9375
26.2200 92305.9375
26.2200 92305.9375
26.2200 92305.9375
26.2200 92305.9375
26.2100 92305.1562
26.2100 92305.1562
26.2100 92305.1562
26.2100 92305.1562
26.2100 92305.1562
26.2100 92305.1562
26.2100 92305.1562
26.2100 92305.1562
26.2100 92305.1562
26.2100 92305.1562
26.2100 92305.1562
26.2100 92305.1562
26.2100 92305.1562
26.2100 92305.1562
26.2100 92305.1562
26.2100 92305.1562
26.2100 92305.1562
26.2100 92302.5938
26.2100 92302.5938
26.2100 92302.5938
26.2100 92302.5938
26.2200 92303.3828
26.2200 92303.3828
26.2200 92303.3828
26.2200 92303.3828
26.2200 92303.3828
26.2200 92303.3828
26.2200 92303.3828
26.2200 92303.3828
26.2200 92303.3828
26.2200 92303.3828
26.2200 92304.1641
26.2200 92304.1641
26.2200 92304.1641
26.2200 92304.1641
26.2200 92304.1641
26.2200 92304.1641
26.2200 92304.1641
26.2200 92304.1641
26.2200 92304.1641
26.2200 92304.1641
26.2200 92304.1641
26.2200 92304.1641
26.2200 92304.1641
26.2200 92304.1641
26.2200 92304.1641
26.2200 92304.1641
26.2200 92303.3828
26.2200 92303.3828
26.2200 92303.3828
26.2200 92305.9375
26.2200 92305.9375
26.2100 92305.1562
26.2100 92305.1562
26.2100 92305.1562
26.2100 92304.3750
26.2100 92304.3750
26.2100 92304.3750
26.2100 92304.3750
26.2000 92303.5625
26.2000 92306.1172
26.2000 92306.1172
26.2000 92306.1172
26.2000 92306.1172
26.2000 92306.1172
26.2000 92305.3359
26.2000 92305.3359
26.2000 92305.3359
26.2000 92305.3359
26.2000 92305.3359
26.2000 92305.3359
26.2000 92305.3359
26.1900 92304.5469
26.1900 92304.5469
26.1900 92304.5469
26.1900 92304.5469
26.1900 92304.5469
26.1900 92304.5469
26.1900 92304.5469
26.1900 92303.7656
26.1900 92306.3281
26.1900 92306.3281
26.1900 92306.3281
26.1900 92306.3281
26.1900 92306.3281
26.1900 92306.3281
26.1800 92305.5469
26.1800 92305.5469
26.1800 92305.5469
26.1800 92305.5469
26.1800 92304.7656
26.1800 92304.7656
26.1800 92304.7656
26.1800 92307.3203
26.1800 92307.3203
26.1700 92306.5000
26.1700 92306.5000
26.1700 92306.5000
26.1700 92306.5000
