18.7434 93.8232
18.7434 93.8415
18.7167 93.8155
18.7167 93.8064
18.7434 93.8048
18.7007 93.8201
18.7167 93.7972
18.7301 93.8003
18.7167 93.7972
18.7167 93.7881
18.7301 93.7728
18.7167 93.7697
18.7167 93.7606
18.7167 93.7606
18.7167 93.7972
18.7167 93.8430
18.7301 93.7820
18.7594 93.8277
18.7301 93.8186
18.7007 93.8109
18.7434 93.8415
18.7167 93.8521
18.7434 93.8888
18.7301 93.8552
18.7301 93.8460
18.7434 93.9055
18.7301 93.9757
18.7434 93.9620
18.7167 93.9559
18.7301 93.9849
18.7301 94.0032
18.7594 93.9559
18.7301 93.9483
18.7167 93.9162
18.7434 93.9513
18.7434 93.9162
18.7301 93.9208
18.7434 93.9239
18.7434 93.9330
18.7301 93.9208
18.7434 93.9239
18.7594 93.9483
18.7167 93.8979
18.7301 93.9483
18.7301 93.9483
18.7434 93.9239
18.7728 93.9330
18.7301 93.9940
18.7434 94.0169
18.7594 94.0032
18.7434 94.0536
18.7594 94.0490
18.7434 94.0627
18.7434 94.0444
18.7594 94.0490
18.7434 94.0536
18.7434 94.0902
18.7594 94.1039
18.7434 94.1115
18.7594 94.1436
18.7301 94.0978
18.7594 94.0948
18.7728 94.1085
18.7728 94.1634
18.7434 94.0810
18.7434 94.0902
18.7301 94.0764
18.7594 94.0856
18.7301 94.0764
18.7167 94.0658
18.7301 94.0703
18.7301 94.0703
18.7434 94.0719
18.7434 94.0444
18.7301 94.0429
18.7434 94.0444
18.7594 94.0581
18.7594 94.0764
18.7594 94.0490
18.7434 94.0536
18.7301 94.0490
18.7301 94.0703
18.7167 94.0566
18.7301 94.0612
18.7594 94.0581
18.7167 94.0566
18.7434 94.0261
18.7434 94.0536
18.7434 94.0536
18.7434 94.0536
18.7594 94.1039
18.7594 94.1314
18.7301 94.1070
18.7594 94.1161
18.7728 94.1176
18.7594 94.1039
18.7301 94.0612
18.7594 94.0764
18.7594 94.0581
18.7434 94.0719
18.7434 94.0719
18.7434 94.0536
18.7594 94.0215
18.7434 94.0078
18.7301 94.0124
18.7594 93.9834
18.7301 93.9940
18.7301 93.9757
18.7167 93.9651
18.7301 93.9849
18.7434 93.9620
18.7434 93.9513
18.7434 93.9712
18.7594 93.9834
18.7728 93.9788
18.7728 93.9605
18.7434 93.9437
18.7434 93.9330
18.7594 93.9376
18.7594 93.9284
18.7594 93.9010
18.7434 93.9239
18.7594 93.9376
18.7434 93.9330
18.7301 93.9117
18.7434 93.9055
18.7594 93.9284
18.7434 93.9239
18.7594 93.9666
18.7434 93.9330
18.7594 93.9834
18.7434 93.9513
18.7434 93.9330
18.7301 93.9574
18.7434 93.9330
18.7728 93.9422
18.7301 93.9391
18.7434 93.9330
18.7167 93.9162
18.7434 93.9437
18.7434 93.9162
18.7167 93.9071
18.7301 93.9117
18.7301 93.9117
18.7167 93.8979
18.7301 93.9391
18.7434 93.9055
18.7728 93.9330
18.7301 93.9391
18.7434 93.9620
18.7434 93.9620
18.7301 93.9483
18.7434 93.9712
18.7594 93.9834
18.7434 93.9788
18.7594 94.0108
18.7434 93.9788
18.7301 93.9940
18.7434 93.9986
18.7301 93.9849
18.7301 93.9666
18.7434 93.9788
18.7301 93.9940
18.7434 94.0078
18.7434 93.9712
18.7301 93.9666
18.7434 93.9788
18.7594 93.9666
18.7434 93.9712
18.7301 93.9483
18.7434 93.9437
18.7434 93.9437
18.7434 93.9513
18.7301 93.9208
18.7434 93.8888
18.7594 93.9101
18.7594 93.9483
18.7594 93.9010
18.7434 93.9055
18.7594 93.9101
18.7434 93.8964
18.7434 93.8964
18.7434 93.9330
18.7434 93.8888
18.7434 93.8888
18.7594 93.9284
18.7434 93.8964
18.7301 93.8842
18.7594 93.8918
18.7594 93.8827
18.7728 93.9330
18.7301 93.9757
18.7301 93.9757
18.7434 93.9986
18.7434 94.0078
18.7434 93.9986
18.7728 94.0063
18.7728 93.9696
18.7434 93.9239
18.7434 93.9239
18.7594 93.8918
18.7434 93.8888
18.7434 93.8506
18.7434 93.8689
18.7434 93.8415
18.7301 93.7820
18.7301 93.7820
18.7434 93.8048
18.7434 93.8048
18.7434 93.7835
18.7434 93.8048
18.7594 93.8094
18.7301 93.8277
18.7301 93.8003
18.7434 93.8048
18.7301 93.8109
18.7594 93.8277
18.7301 93.7820
18.7434 93.8232
18.7434 93.8415
18.7301 93.8277
18.7301 93.8384
18.7301 93.8552
18.7434 93.8140
18.7594 93.8277
18.7301 93.8003
18.7434 93.8598
18.7301 93.8003
18.7167 93.7774
18.7434 93.7957
18.7167 93.8155
18.7167 93.8155
18.7301 93.7911
18.7434 93.7957
18.7434 93.7957
18.7301 93.7728
18.7434 93.7835
18.7301 93.7911
18.7434 93.7835
18.7301 93.8003
18.7434 93.7774
18.7167 93.7774
18.7594 93.7881
18.7301 93.7911
18.7167 93.7774
18.7728 93.7652
18.7434 93.7774
18.7434 93.7835
18.7434 93.7774
18.7301 93.7636
18.7301 93.7545
18.7301 93.7453
18.7301 93.7728
18.7434 93.7957
18.7434 93.7499
18.7434 93.7499
18.7434 93.7774
18.7301 93.7545
18.7301 93.7728
18.7301 93.7820
18.7301 93.7545
18.7434 93.7774
18.7434 93.7560
18.7728 93.7926
18.7434 93.8140
18.7434 93.8048
18.7434 93.8232
18.7434 93.8232
18.7301 93.8109
18.7434 93.8232
18.7301 93.8109
18.7301 93.8109
18.7007 93.7926
18.7301 93.8003
18.7434 93.7774
18.7167 93.7774
18.7167 93.7697
18.7167 93.7499
18.7167 93.7331
18.7434 93.7408
18.7301 93.7270
18.7167 93.7041
18.7167 93.6675
18.7301 93.6904
18.7007 93.6538
18.7434 93.7011
18.7434 93.6736
18.7434 93.7224
18.7301 93.6782
18.7434 93.6370
18.7301 93.6782
18.7434 93.6645
18.7301 93.6996
18.7434 93.6950
18.7301 93.6782
18.7301 93.6507
18.7434 93.6828
18.7301 93.6507
18.7434 93.7224
18.7167 93.6858
18.7434 93.6828
18.7434 93.7102
18.7594 93.7331
18.7434 93.7224
18.7594 93.7240
18.7434 93.7285
18.7167 93.7133
18.7594 93.7057
18.7434 93.7102
18.7301 93.7057
18.7301 93.7057
18.7434 93.7224
18.7301 93.7179
18.7434 93.6950
18.7301 93.7362
18.7301 93.7453
18.7301 93.7728
18.7434 93.7682
18.7434 93.7835
18.7434 93.8140
18.7594 93.7881
18.7434 93.7835
18.7434 93.7774
18.7434 93.7835
18.7434 93.8048
18.7301 93.7820
18.7301 93.7728
18.7434 93.8048
18.7434 93.7957
18.7434 93.7682
18.7861 93.7881
18.7434 93.7835
18.7301 93.7820
18.7301 93.7636
18.7594 93.7881
18.7434 93.7408
18.7434 93.7774
18.7434 93.7682
18.7434 93.7408
18.7434 93.7499
18.7434 93.7285
18.7301 93.7545
18.7301 93.7362
18.7434 93.7102
18.7434 93.7102
18.7301 93.7057
18.7594 93.7148
18.7434 93.6461
18.7434 93.6278
18.7594 93.6049
18.7434 93.5729
18.7434 93.5821
18.7301 93.5683
18.7301 93.5775
18.7301 93.5592
18.7434 93.5821
18.7434 93.5821
18.7167 93.5851
18.7301 93.5958
18.7434 93.6278
18.7301 93.6782
18.7594 93.6873
18.7301 93.6996
18.7594 93.7240
18.7434 93.7224
18.7301 93.7270
18.7434 93.7408
18.7301 93.7453
18.7434 93.7224
18.7301 93.7179
18.7434 93.7011
18.7434 93.7011
18.7434 93.7408
18.7594 93.7453
18.7434 93.7560
18.7728 93.7835
18.7301 93.7636
18.7301 93.7545
18.7594 93.7453
18.7434 93.7499
18.7594 93.7453
18.7728 93.7179
18.7594 93.7331
18.7301 93.7057
18.7594 93.7148
18.7594 93.7240
18.7434 93.7408
18.7434 93.7499
18.7434 93.7499
18.7594 93.7331
18.7434 93.7102
18.7861 93.7408
18.7301 93.7179
18.7434 93.6950
18.7301 93.6904
18.7594 93.6965
18.7594 93.7240
18.7434 93.7102
18.7301 93.7179
18.7301 93.7270
18.7434 93.6950
18.7301 93.7179
18.7434 93.7285
18.7594 93.7331
18.7301 93.7057
18.7434 93.7224
18.7594 93.7240
18.7434 93.7408
18.7594 93.7453
18.7594 93.7514
18.7301 93.7362
18.7301 93.7270
18.7434 93.7285
18.7594 93.7240
18.7301 93.7270
18.7434 93.7285
18.7434 93.7011
18.7434 93.6828
18.7594 93.7057
18.7434 93.7011
18.7594 93.7148
18.7434 93.6950
18.7434 93.6828
18.7594 93.6690
18.7434 93.6828
18.7434 93.6736
18.7434 93.6828
18.7434 93.6645
18.7434 93.6950
18.7301 93.6996
18.7434 93.7285
18.7434 93.7011
18.7434 93.7011
18.7434 93.7011
18.7434 93.6950
18.7434 93.7285
18.7728 93.7285
18.7594 93.7453
18.7434 93.7102
18.7434 93.7408
18.7594 93.7453
18.7434 93.7102
18.7434 93.6950
18.7594 93.7728
18.7434 93.7408
18.7434 93.7011
18.7301 93.7362
18.7594 93.7057
18.7594 93.7331
18.7434 93.7285
18.7434 93.7224
18.7594 93.7148
18.7594 93.7148
18.7434 93.7224
18.7594 93.7728
18.7301 93.7545
18.7594 93.7514
18.7434 93.7560
18.7434 93.7682
18.7434 93.7835
18.7594 93.7820
18.7301 93.8003
18.7434 93.8140
18.7728 93.7926
18.7728 93.7469
18.7434 93.8048
18.7594 93.7728
18.7434 93.7957
18.7301 93.7728
18.7434 93.7408
18.7594 93.7514
18.7594 93.7331
18.7594 93.7453
18.7434 93.7224
18.7594 93.7331
18.7728 93.7377
18.7594 93.7240
18.7434 93.7102
18.7301 93.6996
18.7594 93.7148
18.7301 93.7057
18.7594 93.7514
18.7434 93.7011
18.7434 93.6736
18.7594 93.6782
18.7434 93.6553
18.7434 93.6828
18.7594 93.7057
18.7434 93.6736
18.7167 93.6584
18.7301 93.6721
18.7167 93.6767
18.7728 93.6904
18.7728 93.7011
18.7434 93.6828
18.7434 93.6828
18.7434 93.6950
18.7434 93.7102
18.7434 93.6736
18.7728 93.6904
18.7434 93.6950
18.7434 93.7011
18.7594 93.7331
18.7434 93.6828
18.7434 93.6736
18.7594 93.6965
18.7301 93.6782
18.7434 93.7011
18.7434 93.6736
18.7434 93.6950
18.7301 93.6904
18.7301 93.6904
18.7301 93.7057
18.7301 93.6996
18.7434 93.7102
18.7434 93.7102
18.7594 93.7148
18.7434 93.6828
18.7594 93.7148
18.7594 93.7057
18.7434 93.7285
18.7594 93.7606
18.7594 93.7514
18.7167 93.7697
18.7434 93.7285
18.7594 93.7514
18.7434 93.7285
18.7434 93.7499
18.7434 93.7224
18.7434 93.7011
18.7728 93.7179
18.7594 93.7331
18.7594 93.6873
18.7594 93.6965
18.7434 93.7285
18.7434 93.6950
18.7301 93.6996
18.7301 93.7057
18.7594 93.6965
18.7301 93.7057
18.7594 93.6965
18.7301 93.7057
18.7434 93.7224
18.7594 93.7057
18.7594 93.7514
18.7594 93.7881
18.7301 93.7636
18.7434 93.7774
18.7594 93.7881
18.7594 93.7820
18.7301 93.7545
18.7434 93.7835
18.7594 93.7820
18.7594 93.7606
18.7594 93.8003
18.7434 93.7560
18.7301 93.7636
18.7434 93.7285
18.7594 93.7514
18.7434 93.7224
18.7434 93.7408
18.7594 93.7148
18.7301 93.7057
18.7594 93.7331
18.7594 93.7606
18.7594 93.6965
18.7594 93.7240
18.7434 93.7102
18.7594 93.7331
18.7434 93.7224
18.7167 93.7224
18.7728 93.7285
18.7434 93.7224
18.7434 93.7285
18.7434 93.7682
18.7301 93.7270
18.7434 93.7682
18.7301 93.7453
18.7301 93.7453
18.7301 93.7453
18.7301 93.7545
18.7594 93.7331
18.7434 93.7499
18.7434 93.7285
18.7434 93.7499
18.7434 93.7560
18.7434 93.7682
18.7301 93.7179
18.7434 93.7408
18.7434 93.7285
18.7594 93.7331
18.7301 93.7270
18.7728 93.7285
18.7434 93.7560
18.7594 93.7240
18.7434 93.7408
18.7434 93.7224
18.7434 93.7499
18.7434 93.7499
18.7434 93.7499
18.7301 93.7453
18.7594 93.7606
18.7434 93.7499
18.7434 93.7285
18.7434 93.7682
18.7728 93.7743
18.7301 93.7545
18.7301 93.7545
18.7594 93.7728
18.7434 93.7774
18.7594 93.8094
18.7434 93.8140
18.7728 93.8018
18.7594 93.8186
18.7434 93.8232
18.7434 93.8323
18.7728 93.8232
18.7594 93.8277
18.7594 93.8186
18.7434 93.8048
18.7434 93.8232
18.7594 93.8277
18.7594 93.8186
18.7301 93.7911
18.7594 93.7881
18.7728 93.8109
18.7434 93.7835
18.7594 93.7606
18.7594 93.7820
18.7594 93.7820
18.7301 93.7545
18.7434 93.7682
18.7434 93.7682
18.7434 93.7285
18.7594 93.7606
18.7434 93.7408
18.7434 93.7774
18.7434 93.7499
18.7594 93.7453
18.7594 93.7606
18.7301 93.7453
18.7434 93.7774
18.7594 93.7453
18.7594 93.7606
18.7728 93.7835
18.7594 93.7820
18.7301 93.7728
18.7594 93.7606
18.7301 93.7636
18.7434 93.7835
18.7594 93.7728
18.7728 93.7560
18.7434 93.7560
18.7594 93.7514
18.7594 93.7728
18.7594 93.7820
18.7434 93.7560
18.7594 93.7881
18.7594 93.7820
18.7728 93.7652
18.7594 93.7820
18.7594 93.7728
18.7434 93.7560
18.7434 93.7835
18.7434 93.7835
18.7594 93.7820
18.7434 93.7774
18.7594 93.7820
18.7594 93.8186
18.7728 93.7743
18.7594 93.7881
18.7434 93.7774
18.7434 93.8048
18.7728 93.7926
18.7594 93.7881
18.7594 93.7728
18.7594 93.8094
18.7434 93.7957
18.7434 93.7774
18.7434 93.7560
18.7728 93.7835
18.7594 93.7606
18.7594 93.7820
18.7728 93.7835
18.7594 93.8369
18.7594 93.7820
18.7434 93.8048
18.7434 93.8415
18.7728 93.8659
18.7594 93.8460
18.7728 93.8506
18.7594 93.8918
18.7434 93.8964
18.7434 93.8781
18.7861 93.8888
18.7594 93.9101
18.7594 93.8918
18.7594 93.8552
18.7728 93.8659
18.7728 93.8781
18.7594 93.8735
18.7434 93.8689
18.7728 93.8964
18.7728 93.8293
18.7594 93.8369
18.7434 93.8888
18.7434 93.8323
18.7434 93.8232
18.7594 93.8552
18.7434 93.8506
18.7594 93.8369
18.7728 93.8293
18.7594 93.8369
18.7594 93.8277
18.7594 93.8186
18.7434 93.8323
18.7728 93.8293
18.7861 93.8521
18.7594 93.8369
18.7594 93.8460
18.7594 93.8735
18.7728 93.8659
18.7594 93.8735
18.7594 93.9010
18.7594 93.8918
18.7728 93.8964
18.7728 93.8964
18.7728 93.9330
18.7434 93.8415
18.7861 93.8430
18.7728 93.7835
18.7728 93.7835
18.7861 93.7881
18.7434 93.7835
18.7167 93.7697
18.7728 93.8232
18.7728 93.8232
18.7594 93.8186
18.7434 93.8232
18.7728 93.8567
18.7434 93.8689
18.7861 93.9010
18.7594 93.9101
18.7728 93.8964
18.7594 93.8918
18.7728 93.9239
18.7728 93.8872
18.7594 93.9284
18.7434 93.8781
18.7861 93.9071
18.7594 93.9284
18.7728 93.8964
18.7728 93.8781
18.7728 93.8506
18.7728 93.8781
18.7861 93.8705
18.7728 93.8659
18.7861 93.8705
18.7594 93.8460
18.7594 93.8643
18.7728 93.8506
18.7301 93.8659
18.7594 93.8277
18.7728 93.8384
18.7861 93.8705
18.7728 93.8567
18.7861 93.8430
18.7594 93.8643
18.7728 93.8506
18.7728 93.8506
18.7728 93.8567
18.7728 93.8384
18.7728 93.8232
18.7434 93.8232
18.7594 93.8369
18.7861 93.8430
18.7728 93.8293
18.7728 93.8293
18.7861 93.8155
18.7861 93.8155
18.7861 93.7957
18.7594 93.8094
18.7594 93.7820
18.7594 93.7820
18.7594 93.8003
18.7594 93.7820
18.7594 93.8003
18.7728 93.7835
18.7594 93.7820
18.7728 93.8109
18.7728 93.7652
18.7861 93.8064
18.7861 93.7789
18.7728 93.7926
18.7728 93.8018
18.7861 93.7957
18.7861 93.8247
18.7594 93.8186
18.7861 93.8064
18.7594 93.7881
18.7728 93.7926
18.7728 93.8018
18.7728 93.7835
18.7861 93.7957
18.7728 93.8018
18.7861 93.7957
18.7594 93.8003
18.7728 93.7926
18.7728 93.7835
18.7861 93.8247
18.7728 93.7835
18.7728 93.8109
18.7728 93.8018
18.7594 93.8186
18.7594 93.8094
18.7861 93.8338
18.7861 93.8705
18.7728 93.8567
18.7861 93.8796
18.7861 93.8705
18.7728 93.8781
18.7861 93.8613
18.7861 93.8796
18.7861 93.8430
18.7728 93.8567
18.7728 93.8384
18.7861 93.8705
18.7594 93.8369
18.7728 93.8506
18.7995 93.8567
18.7861 93.8430
18.7861 93.8521
18.7861 93.8430
18.7861 93.8705
18.7861 93.8613
18.7728 93.8384
18.7861 93.8430
18.7728 93.8293
18.7861 93.8338
18.7861 93.8247
18.7995 93.8186
18.7728 93.8506
18.7728 93.8567
18.7861 93.8705
18.7728 93.8567
18.7861 93.8796
18.7594 93.8735
18.7728 93.8567
18.7728 93.8567
18.7728 93.8567
18.7861 93.8705
18.7861 93.8888
18.7995 93.8933
18.7995 93.8842
18.7861 93.8888
18.7728 93.8964
18.7728 93.8964
18.7861 93.8338
18.7861 93.8521
18.7995 93.8659
18.7728 93.8567
18.7995 93.8460
18.7861 93.8430
18.7861 93.8430
18.7728 93.8506
18.7728 93.8109
18.7861 93.8430
18.7861 93.8155
18.7861 93.8338
18.7861 93.8155
18.7728 93.8232
18.7861 93.8247
18.7861 93.8064
18.7861 93.8247
18.7728 93.7926
18.8155 93.7957
18.7995 93.8186
18.7861 93.8247
18.7995 93.8186
18.7728 93.8293
18.7861 93.7881
18.7861 93.7789
18.7861 93.7789
18.7861 93.8064
18.7728 93.7926
18.7995 93.8293
18.7594 93.8369
18.7861 93.8247
18.7861 93.8247
18.7861 93.8247
18.7995 93.8293
18.7728 93.8293
18.7728 93.8018
18.7594 93.8277
18.7728 93.8293
18.7995 93.8460
18.7728 93.8384
18.7861 93.8338
18.7995 93.8109
18.7995 93.8186
18.7594 93.8094
18.7861 93.8155
18.7728 93.7926
18.7861 93.7957
18.7861 93.7957
18.7594 93.8003
18.7728 93.8109
18.7861 93.8064
18.7861 93.7789
18.7728 93.8018
18.7995 93.8003
18.7861 93.7957
18.7995 93.8003
18.7995 93.7820
18.7594 93.8186
18.7434 93.8232
18.7434 93.8415
18.7167 93.8155
18.7167 93.8064
18.7434 93.8048
18.7007 93.8201
18.7167 93.7972
18.7301 93.8003
18.7167 93.7972
18.7167 93.7881
18.7301 93.7728
18.7167 93.7697
18.7167 93.7606
18.7167 93.7606
18.7167 93.7972
18.7167 93.8430
18.7301 93.7820
18.7594 93.8277
18.7301 93.8186
18.7007 93.8109
18.7434 93.8415
18.7167 93.8521
18.7434 93.8888
18.7301 93.8552
18.7301 93.8460
18.7434 93.9055
18.7301 93.9757
18.7434 93.9620
18.7167 93.9559
18.7301 93.9849
18.7301 94.0032
18.7594 93.9559
18.7301 93.9483
18.7167 93.9162
18.7434 93.9513
18.7434 93.9162
18.7301 93.9208
18.7434 93.9239
18.7434 93.9330
18.7301 93.9208
18.7434 93.9239
18.7594 93.9483
18.7167 93.8979
18.7301 93.9483
18.7301 93.9483
18.7434 93.9239
18.7728 93.9330
18.7301 93.9940
18.7434 94.0169
18.7594 94.0032
18.7434 94.0536
18.7594 94.0490
18.7434 94.0627
18.7434 94.0444
18.7594 94.0490
18.7434 94.0536
18.7434 94.0902
18.7594 94.1039
18.7434 94.1115
18.7594 94.1436
18.7301 94.0978
18.7594 94.0948
18.7728 94.1085
18.7728 94.1634
18.7434 94.0810
18.7434 94.0902
18.7301 94.0764
18.7594 94.0856
18.7301 94.0764
18.7167 94.0658
18.7301 94.0703
18.7301 94.0703
18.7434 94.0719
18.7434 94.0444
18.7301 94.0429
18.7434 94.0444
18.7594 94.0581
18.7594 94.0764
18.7594 94.0490
18.7434 94.0536
18.7301 94.0490
18.7301 94.0703
18.7167 94.0566
18.7301 94.0612
18.7594 94.0581
18.7167 94.0566
18.7434 94.0261
18.7434 94.0536
18.7434 94.0536
18.7434 94.0536
18.7594 94.1039
18.7594 94.1314
18.7301 94.1070
18.7594 94.1161
18.7728 94.1176
18.7594 94.1039
18.7301 94.0612
18.7594 94.0764
18.7594 94.0581
18.7434 94.0719
18.7434 94.0719
18.7434 94.0536
18.7594 94.0215
18.7434 94.0078
18.7301 94.0124
18.7594 93.9834
18.7301 93.9940
18.7301 93.9757
18.7167 93.9651
18.7301 93.9849
18.7434 93.9620
18.7434 93.9513
18.7434 93.9712
18.7594 93.9834
18.7728 93.9788
18.7728 93.9605
18.7434 93.9437
18.7434 93.9330
18.7594 93.9376
18.7594 93.9284
18.7594 93.9010
18.7434 93.9239
18.7594 93.9376
18.7434 93.9330
18.7301 93.9117
18.7434 93.9055
18.7594 93.9284
18.7434 93.9239
18.7594 93.9666
18.7434 93.9330
18.7594 93.9834
18.7434 93.9513
18.7434 93.9330
18.7301 93.9574
18.7434 93.9330
18.7728 93.9422
18.7301 93.9391
18.7434 93.9330
18.7167 93.9162
18.7434 93.9437
18.7434 93.9162
18.7167 93.9071
18.7301 93.9117
18.7301 93.9117
18.7167 93.8979
18.7301 93.9391
18.7434 93.9055
18.7728 93.9330
18.7301 93.9391
18.7434 93.9620
18.7434 93.9620
18.7301 93.9483
18.7434 93.9712
18.7594 93.9834
18.7434 93.9788
18.7594 94.0108
18.7434 93.9788
18.7301 93.9940
18.7434 93.9986
18.7301 93.9849
18.7301 93.9666
18.7434 93.9788
18.7301 93.9940
18.7434 94.0078
18.7434 93.9712
18.7301 93.9666
18.7434 93.9788
18.7594 93.9666
18.7434 93.9712
18.7301 93.9483
18.7434 93.9437
18.7434 93.9437
18.7434 93.9513
18.7301 93.9208
18.7434 93.8888
18.7594 93.9101
18.7594 93.9483
18.7594 93.9010
18.7434 93.9055
18.7594 93.9101
18.7434 93.8964
18.7434 93.8964
18.7434 93.9330
18.7434 93.8888
18.7434 93.8888
18.7594 93.9284
18.7434 93.8964
18.7301 93.8842
18.7594 93.8918
18.7594 93.8827
18.7728 93.9330
18.7301 93.9757
18.7301 93.9757
18.7434 93.9986
18.7434 94.0078
18.7434 93.9986
18.7728 94.0063
18.7728 93.9696
18.7434 93.9239
18.7434 93.9239
18.7594 93.8918
18.7434 93.8888
18.7434 93.8506
18.7434 93.8689
18.7434 93.8415
18.7301 93.7820
18.7301 93.7820
18.7434 93.8048
18.7434 93.8048
18.7434 93.7835
18.7434 93.8048
18.7594 93.8094
18.7301 93.8277
18.7301 93.8003
18.7434 93.8048
18.7301 93.8109
18.7594 93.8277
18.7301 93.7820
18.7434 93.8232
18.7434 93.8415
18.7301 93.8277
18.7301 93.8384
18.7301 93.8552
18.7434 93.8140
18.7594 93.8277
18.7301 93.8003
18.7434 93.8598
18.7301 93.8003
18.7167 93.7774
18.7434 93.7957
18.7167 93.8155
18.7167 93.8155
18.7301 93.7911
18.7434 93.7957
18.7434 93.7957
18.7301 93.7728
18.7434 93.7835
18.7301 93.7911
18.7434 93.7835
18.7301 93.8003
18.7434 93.7774
18.7167 93.7774
18.7594 93.7881
18.7301 93.7911
18.7167 93.7774
18.7728 93.7652
18.7434 93.7774
18.7434 93.7835
18.7434 93.7774
18.7301 93.7636
18.7301 93.7545
18.7301 93.7453
18.7301 93.7728
18.7434 93.7957
18.7434 93.7499
18.7434 93.7499
18.7434 93.7774
18.7301 93.7545
18.7301 93.7728
18.7301 93.7820
18.7301 93.7545
18.7434 93.7774
18.7434 93.7560
18.7728 93.7926
18.7434 93.8140
18.7434 93.8048
18.7434 93.8232
18.7434 93.8232
18.7301 93.8109
18.7434 93.8232
18.7301 93.8109
18.7301 93.8109
18.7007 93.7926
18.7301 93.8003
18.7434 93.7774
18.7167 93.7774
18.7167 93.7697
18.7167 93.7499
18.7167 93.7331
18.7434 93.7408
18.7301 93.7270
18.7167 93.7041
18.7167 93.6675
18.7301 93.6904
18.7007 93.6538
18.7434 93.7011
18.7434 93.6736
18.7434 93.7224
18.7301 93.6782
18.7434 93.6370
18.7301 93.6782
18.7434 93.6645
18.7301 93.6996
18.7434 93.6950
18.7301 93.6782
18.7301 93.6507
18.7434 93.6828
18.7301 93.6507
18.7434 93.7224
18.7167 93.6858
18.7434 93.6828
18.7434 93.7102
18.7594 93.7331
18.7434 93.7224
18.7594 93.7240
18.7434 93.7285
18.7167 93.7133
18.7594 93.7057
18.7434 93.7102
18.7301 93.7057
18.7301 93.7057
18.7434 93.7224
18.7301 93.7179
18.7434 93.6950
18.7301 93.7362
18.7301 93.7453
18.7301 93.7728
18.7434 93.7682
18.7434 93.7835
18.7434 93.8140
18.7594 93.7881
18.7434 93.7835
18.7434 93.7774
18.7434 93.7835
18.7434 93.8048
18.7301 93.7820
18.7301 93.7728
18.7434 93.8048
18.7434 93.7957
18.7434 93.7682
18.7861 93.7881
18.7434 93.7835
18.7301 93.7820
18.7301 93.7636
18.7594 93.7881
18.7434 93.7408
18.7434 93.7774
18.7434 93.7682
18.7434 93.7408
18.7434 93.7499
18.7434 93.7285
18.7301 93.7545
18.7301 93.7362
18.7434 93.7102
18.7434 93.7102
18.7301 93.7057
18.7594 93.7148
18.7434 93.6461
18.7434 93.6278
18.7594 93.6049
18.7434 93.5729
18.7434 93.5821
18.7301 93.5683
18.7301 93.5775
18.7301 93.5592
18.7434 93.5821
18.7434 93.5821
18.7167 93.5851
18.7301 93.5958
18.7434 93.6278
18.7301 93.6782
18.7594 93.6873
18.7301 93.6996
18.7594 93.7240
18.7434 93.7224
18.7301 93.7270
18.7434 93.7408
18.7301 93.7453
18.7434 93.7224
18.7301 93.7179
18.7434 93.7011
18.7434 93.7011
18.7434 93.7408
18.7594 93.7453
18.7434 93.7560
18.7728 93.7835
18.7301 93.7636
18.7301 93.7545
18.7594 93.7453
18.7434 93.7499
18.7594 93.7453
18.7728 93.7179
18.7594 93.7331
18.7301 93.7057
18.7594 93.7148
18.7594 93.7240
18.7434 93.7408
18.7434 93.7499
18.7434 93.7499
18.7594 93.7331
18.7434 93.7102
18.7861 93.7408
18.7301 93.7179
18.7434 93.6950
18.7301 93.6904
18.7594 93.6965
18.7594 93.7240
18.7434 93.7102
18.7301 93.7179
18.7301 93.7270
18.7434 93.6950
18.7301 93.7179
18.7434 93.7285
18.7594 93.7331
18.7301 93.7057
18.7434 93.7224
18.7594 93.7240
18.7434 93.7408
18.7594 93.7453
18.7594 93.7514
18.7301 93.7362
18.7301 93.7270
18.7434 93.7285
18.7594 93.7240
18.7301 93.7270
18.7434 93.7285
18.7434 93.7011
18.7434 93.6828
18.7594 93.7057
18.7434 93.7011
18.7594 93.7148
18.7434 93.6950
18.7434 93.6828
18.7594 93.6690
18.7434 93.6828
18.7434 93.6736
18.7434 93.6828
18.7434 93.6645
18.7434 93.6950
18.7301 93.6996
18.7434 93.7285
18.7434 93.7011
18.7434 93.7011
18.7434 93.7011
18.7434 93.6950
18.7434 93.7285
18.7728 93.7285
18.7594 93.7453
18.7434 93.7102
18.7434 93.7408
18.7594 93.7453
18.7434 93.7102
18.7434 93.6950
18.7594 93.7728
18.7434 93.7408
18.7434 93.7011
18.7301 93.7362
18.7594 93.7057
18.7594 93.7331
18.7434 93.7285
18.7434 93.7224
18.7594 93.7148
18.7594 93.7148
18.7434 93.7224
18.7594 93.7728
18.7301 93.7545
18.7594 93.7514
18.7434 93.7560
18.7434 93.7682
18.7434 93.7835
18.7594 93.7820
18.7301 93.8003
18.7434 93.8140
18.7728 93.7926
18.7728 93.7469
18.7434 93.8048
18.7594 93.7728
18.7434 93.7957
18.7301 93.7728
18.7434 93.7408
18.7594 93.7514
18.7594 93.7331
18.7594 93.7453
18.7434 93.7224
18.7594 93.7331
18.7728 93.7377
18.7594 93.7240
18.7434 93.7102
18.7301 93.6996
18.7594 93.7148
18.7301 93.7057
18.7594 93.7514
18.7434 93.7011
18.7434 93.6736
18.7594 93.6782
18.7434 93.6553
18.7434 93.6828
18.7594 93.7057
18.7434 93.6736
18.7167 93.6584
18.7301 93.6721
18.7167 93.6767
18.7728 93.6904
18.7728 93.7011
18.7434 93.6828
18.7434 93.6828
18.7434 93.6950
18.7434 93.7102
18.7434 93.6736
18.7728 93.6904
18.7434 93.6950
18.7434 93.7011
18.7594 93.7331
18.7434 93.6828
18.7434 93.6736
18.7594 93.6965
18.7301 93.6782
18.7434 93.7011
18.7434 93.6736
18.7434 93.6950
18.7301 93.6904
18.7301 93.6904
18.7301 93.7057
18.7301 93.6996
18.7434 93.7102
18.7434 93.7102
18.7594 93.7148
18.7434 93.6828
18.7594 93.7148
18.7594 93.7057
18.7434 93.7285
18.7594 93.7606
18.7594 93.7514
18.7167 93.7697
18.7434 93.7285
18.7594 93.7514
18.7434 93.7285
18.7434 93.7499
18.7434 93.7224
18.7434 93.7011
18.7728 93.7179
18.7594 93.7331
18.7594 93.6873
18.7594 93.6965
18.7434 93.7285
18.7434 93.6950
18.7301 93.6996
18.7301 93.7057
18.7594 93.6965
18.7301 93.7057
18.7594 93.6965
18.7301 93.7057
18.7434 93.7224
18.7594 93.7057
18.7594 93.7514
18.7594 93.7881
18.7301 93.7636
18.7434 93.7774
18.7594 93.7881
18.7594 93.7820
18.7301 93.7545
18.7434 93.7835
18.7594 93.7820
18.7594 93.7606
18.7594 93.8003
18.7434 93.7560
18.7301 93.7636
18.7434 93.7285
18.7594 93.7514
18.7434 93.7224
18.7434 93.7408
18.7594 93.7148
18.7301 93.7057
18.7594 93.7331
18.7594 93.7606
18.7594 93.6965
18.7594 93.7240
18.7434 93.7102
18.7594 93.7331
18.7434 93.7224
18.7167 93.7224
18.7728 93.7285
18.7434 93.7224
18.7434 93.7285
18.7434 93.7682
18.7301 93.7270
18.7434 93.7682
18.7301 93.7453
18.7301 93.7453
18.7301 93.7453
18.7301 93.7545
18.7594 93.7331
18.7434 93.7499
18.7434 93.7285
18.7434 93.7499
18.7434 93.7560
18.7434 93.7682
18.7301 93.7179
18.7434 93.7408
18.7434 93.7285
18.7594 93.7331
18.7301 93.7270
18.7728 93.7285
18.7434 93.7560
18.7594 93.7240
18.7434 93.7408
18.7434 93.7224
18.7434 93.7499
18.7434 93.7499
18.7434 93.7499
18.7301 93.7453
18.7594 93.7606
18.7434 93.7499
18.7434 93.7285
18.7434 93.7682
18.7728 93.7743
18.7301 93.7545
18.7301 93.7545
18.7594 93.7728
18.7434 93.7774
18.7594 93.8094
18.7434 93.8140
18.7728 93.8018
18.7594 93.8186
18.7434 93.8232
18.7434 93.8323
18.7728 93.8232
18.7594 93.8277
18.7594 93.8186
18.7434 93.8048
18.7434 93.8232
18.7594 93.8277
18.7594 93.8186
18.7301 93.7911
18.7594 93.7881
18.7728 93.8109
18.7434 93.7835
18.7594 93.7606
18.7594 93.7820
18.7594 93.7820
18.7301 93.7545
18.7434 93.7682
18.7434 93.7682
18.7434 93.7285
18.7594 93.7606
18.7434 93.7408
18.7434 93.7774
18.7434 93.7499
18.7594 93.7453
18.7594 93.7606
18.7301 93.7453
18.7434 93.7774
18.7594 93.7453
18.7594 93.7606
18.7728 93.7835
18.7594 93.7820
18.7301 93.7728
18.7594 93.7606
18.7301 93.7636
18.7434 93.7835
18.7594 93.7728
18.7728 93.7560
18.7434 93.7560
18.7594 93.7514
18.7594 93.7728
18.7594 93.7820
18.7434 93.7560
18.7594 93.7881
18.7594 93.7820
18.7728 93.7652
18.7594 93.7820
18.7594 93.7728
18.7434 93.7560
18.7434 93.7835
18.7434 93.7835
18.7594 93.7820
18.7434 93.7774
18.7594 93.7820
18.7594 93.8186
18.7728 93.7743
18.7594 93.7881
18.7434 93.7774
18.7434 93.8048
18.7728 93.7926
18.7594 93.7881
18.7594 93.7728
18.7594 93.8094
18.7434 93.7957
18.7434 93.7774
18.7434 93.7560
18.7728 93.7835
18.7594 93.7606
18.7594 93.7820
18.7728 93.7835
18.7594 93.8369
18.7594 93.7820
18.7434 93.8048
18.7434 93.8415
18.7728 93.8659
18.7594 93.8460
18.7728 93.8506
18.7594 93.8918
18.7434 93.8964
18.7434 93.8781
18.7861 93.8888
18.7594 93.9101
18.7594 93.8918
18.7594 93.8552
18.7728 93.8659
18.7728 93.8781
18.7594 93.8735
18.7434 93.8689
18.7728 93.8964
18.7728 93.8293
18.7594 93.8369
18.7434 93.8888
18.7434 93.8323
18.7434 93.8232
18.7594 93.8552
18.7434 93.8506
18.7594 93.8369
18.7728 93.8293
18.7594 93.8369
18.7594 93.8277
18.7594 93.8186
18.7434 93.8323
18.7728 93.8293
18.7861 93.8521
18.7594 93.8369
18.7594 93.8460
18.7594 93.8735
18.7728 93.8659
18.7594 93.8735
18.7594 93.9010
18.7594 93.8918
18.7728 93.8964
18.7728 93.8964
18.7728 93.9330
18.7434 93.8415
18.7861 93.8430
18.7728 93.7835
18.7728 93.7835
18.7861 93.7881
18.7434 93.7835
18.7167 93.7697
18.7728 93.8232
18.7728 93.8232
18.7594 93.8186
18.7434 93.8232
18.7728 93.8567
18.7434 93.8689
18.7861 93.9010
18.7594 93.9101
18.7728 93.8964
18.7594 93.8918
18.7728 93.9239
18.7728 93.8872
18.7594 93.9284
18.7434 93.8781
18.7861 93.9071
18.7594 93.9284
18.7728 93.8964
18.7728 93.8781
18.7728 93.8506
18.7728 93.8781
18.7861 93.8705
18.7728 93.8659
18.7861 93.8705
18.7594 93.8460
18.7594 93.8643
18.7728 93.8506
18.7301 93.8659
18.7594 93.8277
18.7728 93.8384
18.7861 93.8705
18.7728 93.8567
18.7861 93.8430
18.7594 93.8643
18.7728 93.8506
18.7728 93.8506
18.7728 93.8567
18.7728 93.8384
18.7728 93.8232
18.7434 93.8232
18.7594 93.8369
18.7861 93.8430
18.7728 93.8293
18.7728 93.8293
18.7861 93.8155
18.7861 93.8155
18.7861 93.7957
18.7594 93.8094
18.7594 93.7820
18.7594 93.7820
18.7594 93.8003
18.7594 93.7820
18.7594 93.8003
18.7728 93.7835
18.7594 93.7820
18.7728 93.8109
18.7728 93.7652
18.7861 93.8064
18.7861 93.7789
18.7728 93.7926
18.7728 93.8018
18.7861 93.7957
18.7861 93.8247
18.7594 93.8186
18.7861 93.8064
18.7594 93.7881
18.7728 93.7926
18.7728 93.8018
18.7728 93.7835
18.7861 93.7957
18.7728 93.8018
18.7861 93.7957
18.7594 93.8003
18.7728 93.7926
18.7728 93.7835
18.7861 93.8247
18.7728 93.7835
18.7728 93.8109
18.7728 93.8018
18.7594 93.8186
18.7594 93.8094
18.7861 93.8338
18.7861 93.8705
18.7728 93.8567
18.7861 93.8796
18.7861 93.8705
18.7728 93.8781
18.7861 93.8613
18.7861 93.8796
18.7861 93.8430
18.7728 93.8567
18.7728 93.8384
18.7861 93.8705
18.7594 93.8369
18.7728 93.8506
18.7995 93.8567
18.7861 93.8430
18.7861 93.8521
18.7861 93.8430
18.7861 93.8705
18.7861 93.8613
18.7728 93.8384
18.7861 93.8430
18.7728 93.8293
18.7861 93.8338
18.7861 93.8247
18.7995 93.8186
18.7728 93.8506
18.7728 93.8567
18.7861 93.8705
18.7728 93.8567
18.7861 93.8796
18.7594 93.8735
18.7728 93.8567
18.7728 93.8567
18.7728 93.8567
18.7861 93.8705
18.7861 93.8888
18.7995 93.8933
18.7995 93.8842
18.7861 93.8888
18.7728 93.8964
18.7728 93.8964
18.7861 93.8338
18.7861 93.8521
18.7995 93.8659
18.7728 93.8567
18.7995 93.8460
18.7861 93.8430
18.7861 93.8430
18.7728 93.8506
18.7728 93.8109
18.7861 93.8430
18.7861 93.8155
18.7861 93.8338
18.7861 93.8155
18.7728 93.8232
18.7861 93.8247
18.7861 93.8064
18.7861 93.8247
18.7728 93.7926
18.8155 93.7957
18.7995 93.8186
18.7861 93.8247
18.7995 93.8186
18.7728 93.8293
18.7861 93.7881
18.7861 93.7789
18.7861 93.7789
18.7861 93.8064
18.7728 93.7926
18.7995 93.8293
18.7594 93.8369
18.7861 93.8247
18.7861 93.8247
18.7861 93.8247
18.7995 93.8293
18.7728 93.8293
18.7728 93.8018
18.7594 93.8277
18.7728 93.8293
18.7995 93.8460
18.7728 93.8384
18.7861 93.8338
18.7995 93.8109
18.7995 93.8186
18.7594 93.8094
18.7861 93.8155
18.7728 93.7926
18.7861 93.7957
18.7861 93.7957
18.7594 93.8003
18.7728 93.8109
18.7861 93.8064
18.7861 93.7789
18.7728 93.8018
18.7995 93.8003
18.7861 93.7957
18.7995 93.8003
18.7995 93.7820
18.7594 93.8186
